0
301
10
299.732
20
298.489
30
297.269
40
296.073
50
294.9
60
293.748
70
292.618
80
291.509
90
290.421
100
289.353
110
288.305
120
287.276
130
286.266
140
285.275
150
284.301
160
283.345
170
282.407
180
281.486
190
280.581
200
279.693
210
278.821
220
277.964
230
277.123
240
276.297
250
275.486
260
274.689
270
273.907
280
273.138
290
272.384
300
271.643
310
270.915
320
270.2
330
269.498
340
268.809
350
268.132
360
267.467
370
266.815
380
266.174
390
265.544
400
264.926
410
264.319
420
263.723
430
263.138
440
262.564
450
262
460
261.446
470
260.903
480
260.369
490
259.845
500
259.331
510
258.827
520
258.332
530
257.846
540
257.369
550
256.901
560
256.441
570
255.991
580
255.549
590
255.115
600
254.69
610
254.272
620
253.863
630
253.462
640
253.068
650
252.682
660
252.303
670
251.932
680
251.568
690
251.211
700
250.861
710
250.519
720
250.183
730
249.853
740
249.531
750
249.215
760
248.905
770
248.601
780
248.304
790
248.013
800
247.728
810
247.449
820
247.175
830
246.907
840
246.645
850
246.389
860
246.138
870
245.892
880
245.651
890
245.416
900
245.185
910
244.96
920
244.739
930
244.524
940
244.313
950
244.106
960
243.904
970
243.707
980
243.514
990
243.325
