0
301
30
301.493
60
301.484
90
301.271
120
300.969
150
300.631
180
300.281
210
299.929
240
299.58
270
299.234
300
298.894
330
298.558
360
298.225
390
297.897
420
297.572
450
297.25
480
296.93
510
296.612
540
296.296
570
295.981
600
295.666
630
295.352
660
295.038
690
294.723
720
294.408
750
294.09
780
293.772
810
293.451
840
293.127
870
292.801
900
292.471
930
292.138
960
291.802
990
291.46
1020
291.115
1050
290.764
1080
290.409
1110
290.048
1140
289.681
1170
289.309
1200
288.93
1230
288.544
1260
288.152
1290
287.754
1320
287.348
1350
286.934
1380
286.513
1410
286.085
1440
285.648
1470
285.204
1500
284.751
1530
284.29
1560
283.821
1590
283.343
1620
282.856
1650
282.376
1680
281.922
1710
281.487
1740
281.065
1770
280.655
1800
280.255
1830
279.865
1860
279.484
1890
279.113
1920
278.75
1950
278.395
1980
278.048
2010
277.709
2040
277.377
2070
277.052
2100
276.73
2130
276.344
2160
275.864
2190
275.327
2220
274.761
2250
274.182
2280
273.598
2310
273.016
2340
272.437
2370
271.861
2400
271.29
2430
270.724
2460
270.162
2490
269.604
2520
269.052
2550
268.503
2580
267.96
2610
267.42
2640
266.885
2670
266.354
2700
265.827
2730
265.305
2760
264.786
2790
264.272
2820
263.761
2850
263.255
2880
262.752
2910
262.253
2940
261.758
2970
261.267
3000
260.779
3030
260.295
3060
259.814
3090
259.338
3120
258.864
3150
258.394
3180
257.927
3210
257.464
3240
257.004
3270
256.547
3300
256.094
3330
255.644
3360
255.196
3390
254.752
3420
254.311
3450
253.874
3480
253.439
3510
253.007
3540
252.578
3570
252.152
3600
251.728
3630
251.308
3660
250.89
3690
250.476
3720
250.063
3750
249.654
3780
249.247
3810
248.843
3840
248.442
3870
248.043
3900
247.646
3930
247.252
3960
246.861
3990
246.472
4020
246.086
4050
245.702
4080
245.32
4110
244.941
4140
244.564
4170
244.189
4200
243.817
4230
243.447
4260
243.079
4290
242.713
4320
242.35
4350
241.988
4380
241.629
4410
241.276
4440
240.976
4470
240.734
4500
240.512
4530
240.3
4560
240.092
4590
239.883
4620
239.673
4650
239.459
4680
239.241
4710
239.018
4740
238.791
4770
238.559
4800
238.323
4830
238.081
4860
237.835
4890
237.586
4920
237.364
4950
237.168
4980
236.992
5010
236.832
5040
236.687
5070
236.557
5100
236.441
5130
236.338
5160
236.248
5190
236.171
5220
236.107
5250
236.055
5280
236.015
5310
235.986
5340
235.969
5370
235.963
5400
235.968
5430
235.983
5460
236.009
5490
236.044
5520
236.088
5550
236.141
5580
236.203
5610
236.273
5640
236.351
5670
236.436
5700
236.529
5730
236.628
5760
236.734
5790
236.845
5820
236.962
5850
237.084
5880
237.211
5910
237.342
5940
237.477
5970
237.615
6000
237.757
6030
237.901
6060
238.047
6090
238.195
6120
238.344
6150
238.495
6180
238.646
6210
238.797
6240
238.947
6270
239.097
6300
239.246
6330
239.394
6360
239.539
6390
239.682
6420
239.823
6450
239.96
6480
240.094
6510
240.224
6540
240.35
6570
240.473
6600
240.597
6630
240.722
6660
240.848
6690
240.977
6720
241.107
6750
241.239
6780
241.372
6810
241.506
6840
241.64
6870
241.774
6900
241.908
6930
242.04
6960
242.172
6990
242.302
7020
242.43
7050
242.555
7080
242.678
7110
242.797
7140
242.913
7170
243.024
7200
243.132
7230
243.234
7260
243.332
7290
243.423
7320
243.509
7350
243.589
7380
243.662
7410
243.729
7440
243.788
7470
243.84
7500
243.884
7530
243.92
7560
243.947
7590
243.966
7620
243.975
7650
243.976
7680
243.967
7710
243.948
7740
243.919
7770
243.88
7800
243.831
7830
243.771
7860
243.7
7890
243.618
7920
243.525
7950
243.421
7980
243.305
8010
243.178
8040
243.038
8070
242.887
8100
242.724
8130
242.549
8160
242.378
8190
242.229
8220
242.096
8250
241.973
8280
241.859
8310
241.752
8340
241.651
8370
241.557
8400
241.469
8430
241.387
8460
241.31
8490
241.238
8520
241.172
8550
241.109
8580
241.052
8610
240.993
8640
240.867
8670
240.644
8700
240.362
8730
240.047
8760
239.717
8790
239.38
8820
239.04
8850
238.7
8880
238.36
8910
238.023
8940
237.687
8970
237.353
9000
237.02
9030
236.69
9060
236.361
9090
236.034
9120
235.709
9150
235.386
9180
235.064
9210
234.744
9240
234.426
9270
234.11
9300
233.795
9330
233.482
9360
233.171
9390
232.861
9420
232.553
9450
232.247
9480
231.942
9510
231.639
9540
231.337
9570
231.037
9600
230.739
9630
230.442
9660
230.146
9690
229.852
9720
229.56
9750
229.269
9780
228.979
9810
228.691
9840
228.405
9870
228.12
9900
227.836
9930
227.554
9960
227.273
9990
226.993
10020
226.715
10050
226.438
10080
226.163
10110
225.889
10140
225.616
10170
225.344
10200
225.074
10230
224.805
10260
224.538
10290
224.271
10320
224.006
10350
223.742
10380
223.48
10410
223.218
10440
222.958
10470
222.699
10500
222.441
10530
222.185
10560
221.93
10590
221.675
10620
221.422
10650
221.171
10680
220.92
10710
220.67
10740
220.422
10770
220.174
10800
219.928
10830
219.683
10860
219.439
10890
219.196
10920
218.958
10950
218.775
10980
218.646
11010
218.536
11040
218.436
11070
218.338
11100
218.239
11130
218.138
11160
218.032
11190
217.921
11220
217.805
11250
217.684
11280
217.557
11310
217.425
11340
217.287
11370
217.143
11400
216.997
11430
216.878
11460
216.784
11490
216.708
11520
216.648
11550
216.602
11580
216.57
11610
216.552
11640
216.546
11670
216.553
11700
216.572
11730
216.603
11760
216.646
11790
216.7
11820
216.766
11850
216.842
11880
216.929
11910
217.026
11940
217.134
11970
217.25
12000
217.377
12030
217.512
12060
217.655
12090
217.807
12120
217.967
12150
218.134
12180
218.309
12210
218.49
12240
218.677
12270
218.871
12300
219.07
12330
219.274
12360
219.483
12390
219.697
12420
219.914
12450
220.135
12480
220.36
12510
220.587
12540
220.816
12570
221.048
12600
221.281
12630
221.515
12660
221.749
12690
221.984
12720
222.219
12750
222.454
12780
222.687
12810
222.919
12840
223.15
12870
223.378
12900
223.603
12930
223.826
12960
224.045
12990
224.261
13020
224.472
13050
224.679
13080
224.884
13110
225.088
13140
225.293
13170
225.5
13200
225.709
13230
225.919
13260
226.13
13290
226.343
13320
226.556
13350
226.769
13380
226.982
13410
227.194
13440
227.405
13470
227.614
13500
227.822
13530
228.027
13560
228.23
13590
228.43
13620
228.626
13650
228.818
13680
229.006
13710
229.189
13740
229.368
13770
229.541
13800
229.708
13830
229.869
13860
230.024
13890
230.171
13920
230.312
13950
230.445
13980
230.571
14010
230.688
14040
230.797
14070
230.897
14100
230.988
14130
231.07
14160
231.142
14190
231.204
14220
231.257
14250
231.299
14280
231.33
14310
231.351
14340
231.36
14370
231.359
14400
231.346
14430
231.321
14460
231.285
14490
231.237
14520
231.177
14550
231.104
14580
231.019
14610
230.922
14640
230.812
14670
230.707
14700
230.625
14730
230.557
14760
230.498
14790
230.448
14820
230.404
14850
230.367
14880
230.336
14910
230.31
14940
230.29
14970
230.274
15000
230.264
15030
230.258
15060
230.256
15090
230.258
15120
230.258
15150
230.188
15180
230.022
15210
229.797
15240
229.54
15270
229.266
15300
228.985
15330
228.701
15360
228.416
15390
228.132
15420
227.849
15450
227.567
15480
227.286
15510
227.006
15540
226.728
15570
226.451
15600
226.176
15630
225.902
15660
225.629
15690
225.357
15720
225.087
15750
224.818
15780
224.55
15810
224.284
15840
224.019
15870
223.755
15900
223.492
15930
223.231
15960
222.97
15990
222.712
16020
222.454
16050
222.197
16080
221.942
16110
221.687
16140
221.434
16170
221.182
16200
220.932
16230
220.682
16260
220.433
16290
220.186
16320
219.94
16350
219.694
16380
219.45
16410
219.207
16440
218.965
16470
218.724
16500
218.484
16530
218.246
16560
218.008
16590
217.771
16620
217.535
16650
217.301
16680
217.067
16710
216.834
16740
216.603
16770
216.372
16800
216.142
16830
215.914
16860
215.686
16890
215.459
16920
215.233
16950
215.008
16980
214.784
17010
214.561
17040
214.339
17070
214.118
17100
213.897
17130
213.678
17160
213.46
17190
213.242
17220
213.025
17250
212.809
17280
212.594
17310
212.38
17340
212.167
17370
211.955
17400
211.743
17430
211.537
17460
211.387
17490
211.29
17520
211.211
17550
211.141
17580
211.073
17610
211.005
17640
210.933
17670
210.857
17700
210.776
17730
210.689
17760
210.597
17790
210.499
17820
210.396
17850
210.286
17880
210.171
17910
210.054
17940
209.964
17970
209.898
18000
209.851
18030
209.819
18060
209.802
18090
209.798
18120
209.807
18150
209.829
18180
209.864
18210
209.91
18240
209.969
18270
210.039
18300
210.12
18330
210.213
18360
210.316
18390
210.43
18420
210.554
18450
210.688
18480
210.831
18510
210.984
18540
211.145
18570
211.315
18600
211.493
18630
211.679
18660
211.872
18690
212.073
18720
212.28
18750
212.493
18780
212.713
18810
212.938
18840
213.168
18870
213.402
18900
213.642
18930
213.885
18960
214.131
18990
214.381
19020
214.634
19050
214.888
19080
215.145
19110
215.403
19140
215.663
19170
215.923
19200
216.183
19230
216.443
19260
216.702
19290
216.961
19320
217.218
19350
217.473
19380
217.726
19410
217.977
19440
218.224
19470
218.468
19500
218.709
19530
218.945
19560
219.176
19590
219.406
19620
219.635
19650
219.864
19680
220.096
19710
220.329
19740
220.564
19770
220.8
19800
221.037
19830
221.274
19860
221.512
19890
221.749
19920
221.985
19950
222.221
19980
222.454
20010
222.686
20040
222.916
20070
223.143
20100
223.366
20130
223.587
20160
223.803
20190
224.015
20220
224.222
20250
224.424
20280
224.621
20310
224.811
20340
224.996
20370
225.174
20400
225.346
20430
225.51
20460
225.666
20490
225.815
20520
225.955
20550
226.087
20580
226.211
20610
226.325
20640
226.429
20670
226.524
20700
226.61
20730
226.685
20760
226.749
20790
226.803
20820
226.846
20850
226.878
20880
226.899
20910
226.908
20940
226.905
20970
226.891
21000
226.865
21030
226.826
21060
226.775
21090
226.712
21120
226.636
21150
226.547
21180
226.464
21210
226.404
21240
226.357
21270
226.32
21300
226.291
21330
226.268
21360
226.252
21390
226.242
21420
226.237
21450
226.237
21480
226.242
21510
226.252
21540
226.266
21570
226.284
21600
226.306
21630
226.326
21660
226.273
21690
226.124
21720
225.917
21750
225.679
21780
225.424
21810
225.161
21840
224.896
21870
224.63
21900
224.364
21930
224.099
21960
223.835
21990
223.572
22020
223.31
22050
223.05
22080
222.79
22110
222.532
22140
222.275
22170
222.02
22200
221.765
22230
221.512
22260
221.259
22290
221.008
22320
220.758
22350
220.509
22380
220.261
22410
220.015
22440
219.769
22470
219.525
22500
219.281
22530
219.039
22560
218.798
22590
218.558
22620
218.318
22650
218.08
22680
217.843
22710
217.607
22740
217.372
22770
217.138
22800
216.905
22830
216.673
22860
216.442
22890
216.212
22920
215.983
22950
215.755
22980
215.528
23010
215.302
23040
215.077
23070
214.852
23100
214.629
23130
214.407
23160
214.185
23190
213.965
23220
213.745
23250
213.526
23280
213.308
23310
213.091
23340
212.875
23370
212.66
23400
212.446
23430
212.232
23460
212.019
23490
211.808
23520
211.597
23550
211.387
23580
211.177
23610
210.969
23640
210.761
23670
210.554
23700
210.348
23730
210.143
23760
209.939
23790
209.735
23820
209.532
23850
209.33
23880
209.129
23910
208.928
23940
208.734
23970
208.597
24000
208.511
24030
208.443
24060
208.384
24090
208.327
24120
208.269
24150
208.208
24180
208.142
24210
208.071
24240
207.995
24270
207.913
24300
207.825
24330
207.732
24360
207.632
24390
207.527
24420
207.421
24450
207.341
24480
207.286
24510
207.249
24540
207.228
24570
207.221
24600
207.227
24630
207.247
24660
207.279
24690
207.323
24720
207.38
24750
207.448
24780
207.528
24810
207.62
24840
207.722
24870
207.835
24900
207.959
24930
208.093
24960
208.236
24990
208.389
25020
208.551
25050
208.722
25080
208.902
25110
209.09
25140
209.285
25170
209.488
25200
209.698
25230
209.914
25260
210.137
25290
210.366
25320
210.6
25350
210.839
25380
211.084
25410
211.332
25440
211.584
25470
211.84
25500
212.099
25530
212.361
25560
212.625
25590
212.891
25620
213.158
25650
213.427
25680
213.696
25710
213.965
25740
214.235
25770
214.503
25800
214.771
25830
215.037
25860
215.301
25890
215.563
25920
215.823
25950
216.079
25980
216.332
26010
216.581
26040
216.826
26070
217.067
26100
217.305
26130
217.543
26160
217.782
26190
218.022
26220
218.265
26250
218.508
26280
218.753
26310
218.999
26340
219.246
26370
219.492
26400
219.738
26430
219.984
26460
220.228
26490
220.47
26520
220.711
26550
220.95
26580
221.185
26610
221.418
26640
221.646
26670
221.871
26700
222.092
26730
222.308
26760
222.519
26790
222.724
26820
222.924
26850
223.117
26880
223.304
26910
223.483
26940
223.656
26970
223.821
27000
223.978
27030
224.127
27060
224.268
27090
224.399
27120
224.522
27150
224.635
27180
224.738
27210
224.831
27240
224.915
27270
224.987
27300
225.049
27330
225.101
27360
225.141
27390
225.169
27420
225.186
27450
225.192
27480
225.185
27510
225.167
27540
225.136
27570
225.093
27600
225.037
27630
224.969
27660
224.888
27690
224.814
27720
224.762
27750
224.724
27780
224.695
27810
224.674
27840
224.659
27870
224.651
27900
224.648
27930
224.651
27960
224.659
27990
224.672
28020
224.69
28050
224.712
28080
224.737
28110
224.767
28140
224.793
28170
224.744
28200
224.6
28230
224.4
28260
224.168
28290
223.92
28320
223.664
28350
223.406
28380
223.146
28410
222.888
28440
222.629
28470
222.372
28500
222.116
28530
221.861
28560
221.607
28590
221.355
28620
221.103
28650
220.853
28680
220.603
28710
220.355
28740
220.108
28770
219.862
28800
219.617
28830
219.373
28860
219.131
28890
218.889
28920
218.649
28950
218.409
28980
218.171
29010
217.933
29040
217.697
29070
217.461
29100
217.227
29130
216.994
29160
216.761
29190
216.53
29220
216.299
29250
216.07
29280
215.842
29310
215.614
29340
215.388
29370
215.162
29400
214.937
29430
214.714
29460
214.491
29490
214.269
29520
214.048
29550
213.828
29580
213.609
29610
213.391
29640
213.173
29670
212.957
29700
212.741
29730
212.527
29760
212.313
29790
212.1
29820
211.888
29850
211.677
29880
211.466
29910
211.257
29940
211.048
29970
210.84
30000
210.633
30030
210.426
30060
210.221
30090
210.016
30120
209.812
30150
209.609
30180
209.407
30210
209.205
30240
209.004
30270
208.804
30300
208.605
30330
208.407
30360
208.209
30390
208.012
30420
207.816
30450
207.626
30480
207.495
30510
207.414
30540
207.351
30570
207.296
30600
207.243
30630
207.189
30660
207.132
30690
207.07
30720
207.003
30750
206.93
30780
206.852
30810
206.768
30840
206.678
30870
206.583
30900
206.481
30930
206.379
30960
206.305
30990
206.254
31020
206.221
31050
206.204
31080
206.202
31110
206.212
31140
206.236
31170
206.272
31200
206.32
31230
206.381
31260
206.454
31290
206.538
31320
206.633
31350
206.739
31380
206.857
31410
206.984
31440
207.122
31470
207.269
31500
207.426
31530
207.592
31560
207.767
31590
207.95
31620
208.142
31650
208.341
31680
208.548
31710
208.762
31740
208.982
31770
209.208
31800
209.441
31830
209.679
31860
209.922
31890
210.17
31920
210.422
31950
210.678
31980
210.938
32010
211.2
32040
211.466
32070
211.733
32100
212.003
32130
212.274
32160
212.546
32190
212.818
32220
213.091
32250
213.364
32280
213.636
32310
213.907
32340
214.177
32370
214.445
32400
214.71
32430
214.973
32460
215.233
32490
215.489
32520
215.228
