0
301
30
300.567
60
300.446
90
300.244
120
299.964
150
299.643
180
299.305
210
298.962
240
298.62
270
298.282
300
297.949
330
297.621
360
297.297
390
296.978
420
296.663
450
296.351
480
296.043
510
295.737
540
295.433
570
295.131
600
294.83
630
294.531
660
294.231
690
293.932
720
293.632
750
293.332
780
293.03
810
292.727
840
292.422
870
292.114
900
291.804
930
291.49
960
291.174
990
290.853
1020
290.529
1050
290.2
1080
289.866
1110
289.527
1140
289.183
1170
288.833
1200
288.478
1230
288.116
1260
287.748
1290
287.373
1320
286.991
1350
286.603
1380
286.207
1410
285.803
1440
285.392
1470
284.973
1500
284.545
1530
284.11
1560
283.666
1590
283.214
1620
282.753
1650
282.298
1680
281.872
1710
281.465
1740
281.073
1770
280.694
1800
280.325
1830
279.966
1860
279.616
1890
279.275
1920
278.943
1950
278.618
1980
278.301
2010
277.992
2040
277.689
2070
277.394
2100
276.982
2130
276.317
2160
275.77
2190
275.228
2220
274.667
2250
274.094
2280
273.515
2310
272.935
2340
272.357
2370
271.782
2400
271.212
2430
270.647
2460
270.085
2490
269.529
2520
268.977
2550
268.429
2580
267.886
2610
267.347
2640
266.812
2670
266.282
2700
265.756
2730
265.234
2760
264.716
2790
264.202
2820
263.692
2850
263.186
2880
262.684
2910
262.185
2940
261.691
2970
261.2
3000
260.713
3030
260.229
3060
259.749
3090
259.273
3120
258.8
3150
258.33
3180
257.864
3210
257.401
3240
256.942
3270
256.485
3300
256.032
3330
255.582
3360
255.136
3390
254.692
3420
254.252
3450
253.814
3480
253.38
3510
252.948
3540
252.519
3570
252.094
3600
251.671
3630
251.251
3660
250.834
3690
250.419
3720
250.007
3750
249.598
3780
249.192
3810
248.788
3840
248.387
3870
247.988
3900
247.592
3930
247.199
3960
246.808
3990
246.419
4020
246.033
4050
245.649
4080
245.268
4110
244.889
4140
244.512
4170
244.138
4200
243.766
4230
243.396
4260
243.029
4290
242.663
4320
242.3
4350
241.939
4380
241.58
4410
241.329
4440
241.302
4470
241.111
4500
240.878
4530
240.639
4560
240.401
4590
240.162
4620
239.921
4650
239.677
4680
239.428
4710
239.175
4740
238.917
4770
238.654
4800
238.387
4830
238.114
4860
237.836
4890
237.557
4920
237.304
4950
237.08
4980
236.876
5010
236.69
5040
236.52
5070
236.364
5100
236.223
5130
236.095
5160
235.981
5190
235.88
5220
235.791
5250
235.715
5280
235.651
5310
235.6
5340
235.56
5370
235.531
5400
235.513
5430
235.506
5460
235.509
5490
235.523
5520
235.546
5550
235.579
5580
235.62
5610
235.671
5640
235.729
5670
235.796
5700
235.87
5730
235.951
5760
236.04
5790
236.134
5820
236.235
5850
236.342
5880
236.453
5910
236.57
5940
236.691
5970
236.816
6000
236.945
6030
237.077
6060
237.212
6090
237.349
6120
237.488
6150
237.629
6180
237.772
6210
237.915
6240
238.058
6270
238.202
6300
238.345
6330
238.487
6360
238.628
6390
238.768
6420
238.905
6450
239.04
6480
239.173
6510
239.302
6540
239.428
6570
239.554
6600
239.681
6630
239.808
6660
239.938
6690
240.071
6720
240.206
6750
240.343
6780
240.482
6810
240.622
6840
240.764
6870
240.906
6900
241.048
6930
241.19
6960
241.332
6990
241.473
7020
241.612
7050
241.749
7080
241.884
7110
242.017
7140
242.146
7170
242.273
7200
242.395
7230
242.513
7260
242.627
7290
242.735
7320
242.838
7350
242.936
7380
243.028
7410
243.113
7440
243.191
7470
243.263
7500
243.327
7530
243.383
7560
243.432
7590
243.472
7620
243.504
7650
243.526
7680
243.54
7710
243.544
7740
243.538
7770
243.523
7800
243.497
7830
243.461
7860
243.414
7890
243.357
7920
243.289
7950
243.209
7980
243.118
8010
243.016
8040
242.901
8070
242.775
8100
242.638
8130
242.488
8160
242.342
8190
242.221
8220
242.116
8250
242.023
8280
241.939
8310
241.862
8340
241.793
8370
241.729
8400
241.672
8430
241.62
8460
241.573
8490
241.531
8520
241.494
8550
241.461
8580
241.432
8610
241.273
8640
240.87
8670
240.583
8700
240.296
8730
239.988
8760
239.663
8790
239.329
8820
238.991
8850
238.652
8880
238.314
8910
237.977
8940
237.641
8970
237.307
9000
236.975
9030
236.645
9060
236.316
9090
235.99
9120
235.665
9150
235.342
9180
235.02
9210
234.701
9240
234.383
9270
234.067
9300
233.752
9330
233.44
9360
233.129
9390
232.819
9420
232.511
9450
232.205
9480
231.901
9510
231.598
9540
231.296
9570
230.996
9600
230.698
9630
230.401
9660
230.106
9690
229.812
9720
229.52
9750
229.229
9780
228.94
9810
228.652
9840
228.366
9870
228.081
9900
227.797
9930
227.515
9960
227.234
9990
226.955
10020
226.677
10050
226.4
10080
226.125
10110
225.851
10140
225.579
10170
225.307
10200
225.037
10230
224.769
10260
224.501
10290
224.235
10320
223.97
10350
223.706
10380
223.444
10410
223.183
10440
222.923
10470
222.664
10500
222.406
10530
222.15
10560
221.895
10590
221.641
10620
221.388
10650
221.136
10680
220.886
10710
220.636
10740
220.388
10770
220.141
10800
219.894
10830
219.649
10860
219.405
10890
219.163
10920
219.036
10950
219.121
10980
219.039
11010
218.918
11040
218.79
11070
218.662
11100
218.533
11130
218.401
11160
218.264
11190
218.123
11220
217.976
11250
217.824
11280
217.666
11310
217.503
11340
217.333
11370
217.158
11400
216.981
11430
216.831
11460
216.708
11490
216.604
11520
216.518
11550
216.447
11580
216.39
11610
216.346
11640
216.316
11670
216.298
11700
216.292
11730
216.299
11760
216.318
11790
216.349
11820
216.391
11850
216.444
11880
216.508
11910
216.583
11940
216.668
11970
216.763
12000
216.867
12030
216.981
12060
217.104
12090
217.235
12120
217.375
12150
217.523
12180
217.679
12210
217.841
12240
218.011
12270
218.187
12300
218.37
12330
218.558
12360
218.751
12390
218.949
12420
219.152
12450
219.36
12480
219.571
12510
219.785
12540
220.003
12570
220.223
12600
220.445
12630
220.669
12660
220.894
12690
221.121
12720
221.348
12750
221.575
12780
221.802
12810
222.028
12840
222.253
12870
222.477
12900
222.699
12930
222.919
12960
223.136
12990
223.35
13020
223.56
13050
223.768
13080
223.975
13110
224.182
13140
224.39
13170
224.601
13200
224.813
13230
225.028
13260
225.245
13290
225.463
13320
225.682
13350
225.903
13380
226.124
13410
226.344
13440
226.565
13470
226.785
13500
227.003
13530
227.22
13560
227.434
13590
227.647
13620
227.856
13650
228.062
13680
228.265
13710
228.463
13740
228.657
13770
228.846
13800
229.03
13830
229.208
13860
229.381
13890
229.547
13920
229.706
13950
229.859
13980
230.004
14010
230.141
14040
230.271
14070
230.392
14100
230.504
14130
230.608
14160
230.702
14190
230.787
14220
230.863
14250
230.928
14280
230.983
14310
231.027
14340
231.06
14370
231.083
14400
231.094
14430
231.095
14460
231.083
14490
231.06
14520
231.024
14550
230.977
14580
230.917
14610
230.845
14640
230.761
14670
230.681
14700
230.626
14730
230.586
14760
230.557
14790
230.537
14820
230.524
14850
230.518
14880
230.517
14910
230.522
14940
230.532
14970
230.546
15000
230.566
15030
230.589
15060
230.616
15090
230.647
15120
230.538
15150
230.196
15180
229.969
15210
229.74
15240
229.488
15270
229.22
15300
228.942
15330
228.66
15360
228.376
15390
228.093
15420
227.81
15450
227.528
15480
227.247
15510
226.968
15540
226.69
15570
226.413
15600
226.138
15630
225.864
15660
225.591
15690
225.32
15720
225.05
15750
224.781
15780
224.514
15810
224.247
15840
223.983
15870
223.719
15900
223.456
15930
223.195
15960
222.935
15990
222.676
16020
222.419
16050
222.162
16080
221.907
16110
221.653
16140
221.4
16170
221.148
16200
220.897
16230
220.648
16260
220.4
16290
220.152
16320
219.906
16350
219.661
16380
219.417
16410
219.174
16440
218.932
16470
218.691
16500
218.452
16530
218.213
16560
217.975
16590
217.739
16620
217.503
16650
217.269
16680
217.035
16710
216.803
16740
216.571
16770
216.341
16800
216.111
16830
215.882
16860
215.655
16890
215.428
16920
215.202
16950
214.977
16980
214.754
17010
214.531
17040
214.309
17070
214.088
17100
213.867
17130
213.648
17160
213.43
17190
213.212
17220
212.996
17250
212.78
17280
212.565
17310
212.351
17340
212.138
17370
211.926
17400
211.714
17430
211.628
17460
211.741
17490
211.688
17520
211.596
17550
211.499
17580
211.401
17610
211.302
17640
211.199
17670
211.093
17700
210.981
17730
210.863
17760
210.74
17790
210.611
17820
210.476
17850
210.336
17880
210.189
17910
210.041
17940
209.92
17970
209.825
18000
209.751
18030
209.693
18060
209.65
18090
209.621
18120
209.605
18150
209.602
18180
209.612
18210
209.634
18240
209.668
18270
209.714
18300
209.772
18330
209.841
18360
209.921
18390
210.012
18420
210.113
18450
210.225
18480
210.346
18510
210.477
18540
210.617
18570
210.766
18600
210.924
18630
211.09
18660
211.264
18690
211.446
18720
211.635
18750
211.83
18780
212.032
18810
212.24
18840
212.454
18870
212.673
18900
212.897
18930
213.126
18960
213.358
18990
213.595
19020
213.835
19050
214.078
19080
214.323
19110
214.571
19140
214.82
19170
215.07
19200
215.322
19230
215.574
19260
215.826
19290
216.078
19320
216.33
19350
216.58
19380
216.829
19410
217.075
19440
217.32
19470
217.562
19500
217.801
19530
218.036
19560
218.268
19590
218.5
19620
218.732
19650
218.965
19680
219.2
19710
219.437
19740
219.676
19770
219.917
19800
220.16
19830
220.404
19860
220.649
19890
220.894
19920
221.139
19950
221.384
19980
221.628
20010
221.871
20040
222.112
20070
222.35
20100
222.587
20130
222.82
20160
223.05
20190
223.276
20220
223.499
20250
223.717
20280
223.929
20310
224.137
20340
224.339
20370
224.535
20400
224.725
20430
224.908
20460
225.083
20490
225.252
20520
225.413
20550
225.565
20580
225.709
20610
225.845
20640
225.972
20670
226.089
20700
226.197
20730
226.294
20760
226.382
20790
226.459
20820
226.526
20850
226.582
20880
226.627
20910
226.66
20940
226.682
20970
226.693
21000
226.691
21030
226.677
21060
226.652
21090
226.613
21120
226.563
21150
226.499
21180
226.442
21210
226.408
21240
226.39
21270
226.383
21300
226.384
21330
226.392
21360
226.407
21390
226.427
21420
226.452
21450
226.483
21480
226.518
21510
226.557
21540
226.601
21570
226.648
21600
226.699
21630
226.6
21660
226.28
21690
226.073
21720
225.862
21750
225.629
21780
225.38
21810
225.121
21840
224.857
21870
224.592
21900
224.327
21930
224.062
21960
223.799
21990
223.536
22020
223.275
22050
223.014
22080
222.755
22110
222.497
22140
222.24
22170
221.985
22200
221.73
22230
221.477
22260
221.225
22290
220.974
22320
220.724
22350
220.475
22380
220.228
22410
219.981
22440
219.736
22470
219.491
22500
219.248
22530
219.006
22560
218.765
22590
218.525
22620
218.286
22650
218.048
22680
217.811
22710
217.575
22740
217.34
22770
217.106
22800
216.874
22830
216.642
22860
216.411
22890
216.181
22920
215.952
22950
215.724
22980
215.497
23010
215.271
23040
215.046
23070
214.822
23100
214.599
23130
214.376
23160
214.155
23190
213.935
23220
213.715
23250
213.496
23280
213.279
23310
213.062
23340
212.846
23370
212.631
23400
212.416
23430
212.203
23460
211.99
23490
211.779
23520
211.568
23550
211.358
23580
211.149
23610
210.94
23640
210.733
23670
210.526
23700
210.32
23730
210.115
23760
209.911
23790
209.707
23820
209.505
23850
209.303
23880
209.101
23910
208.901
23940
208.836
23970
208.955
24000
208.911
24030
208.829
24060
208.743
24090
208.656
24120
208.567
24150
208.475
24180
208.378
24210
208.277
24240
208.169
24270
208.056
24300
207.938
24330
207.813
24360
207.682
24390
207.546
24420
207.408
24450
207.298
24480
207.214
24510
207.15
24540
207.102
24570
207.069
24600
207.05
24630
207.045
24660
207.052
24690
207.072
24720
207.104
24750
207.148
24780
207.204
24810
207.272
24840
207.35
24870
207.44
24900
207.541
24930
207.652
24960
207.773
24990
207.904
25020
208.045
25050
208.195
25080
208.354
25110
208.521
25140
208.697
25170
208.88
25200
209.071
25230
209.269
25260
209.474
25290
209.686
25320
209.903
25350
210.126
25380
210.355
25410
210.588
25440
210.826
25470
211.068
25500
211.314
25530
211.563
25560
211.815
25590
212.07
25620
212.326
25650
212.585
25680
212.845
25710
213.105
25740
213.367
25770
213.628
25800
213.889
25830
214.149
25860
214.409
25890
214.666
25920
214.922
25950
215.176
25980
215.426
26010
215.674
26040
215.918
26070
216.16
26100
216.401
26130
216.641
26160
216.883
26190
217.127
26220
217.374
26250
217.622
26280
217.872
26310
218.124
26340
218.377
26370
218.631
26400
218.885
26430
219.139
26460
219.393
26490
219.645
26520
219.897
26550
220.147
26580
220.394
26610
220.639
26640
220.882
26670
221.12
26700
221.356
26730
221.586
26760
221.813
26790
222.034
26820
222.251
26850
222.461
26880
222.666
26910
222.864
26940
223.056
26970
223.24
27000
223.417
27030
223.586
27060
223.747
27090
223.9
27120
224.044
27150
224.179
27180
224.304
27210
224.42
27240
224.526
27270
224.622
27300
224.708
27330
224.782
27360
224.846
27390
224.899
27420
224.941
27450
224.971
27480
224.989
27510
224.995
27540
224.99
27570
224.971
27600
224.941
27630
224.898
27660
224.842
27690
224.794
27720
224.769
27750
224.759
27780
224.76
27810
224.769
27840
224.785
27870
224.808
27900
224.836
27930
224.869
27960
224.907
27990
224.95
28020
224.997
28050
225.049
28080
225.104
28110
225.162
28140
225.058
28170
224.748
28200
224.55
28230
224.346
28260
224.12
28290
223.877
28320
223.624
28350
223.368
28380
223.11
28410
222.852
28440
222.594
28470
222.337
28500
222.081
28530
221.826
28560
221.573
28590
221.32
28620
221.069
28650
220.818
28680
220.569
28710
220.321
28740
220.074
28770
219.829
28800
219.584
28830
219.34
28860
219.098
28890
218.856
28920
218.616
28950
218.376
28980
218.138
29010
217.901
29040
217.664
29070
217.429
29100
217.195
29130
216.962
29160
216.729
29190
216.498
29220
216.268
29250
216.039
29280
215.81
29310
215.583
29340
215.357
29370
215.131
29400
214.907
29430
214.683
29460
214.461
29490
214.239
29520
214.018
29550
213.798
29580
213.579
29610
213.361
29640
213.144
29670
212.927
29700
212.712
29730
212.497
29760
212.284
29790
212.071
29820
211.859
29850
211.648
29880
211.437
29910
211.228
29940
211.019
29970
210.811
30000
210.604
30030
210.398
30060
210.193
30090
209.988
30120
209.784
30150
209.581
30180
209.379
30210
209.178
30240
208.977
30270
208.777
30300
208.578
30330
208.379
30360
208.182
30390
207.985
30420
207.789
30450
207.737
30480
207.857
30510
207.814
30540
207.737
30570
207.654
30600
207.571
30630
207.487
30660
207.398
30690
207.306
30720
207.208
30750
207.104
30780
206.995
30810
206.88
30840
206.759
30870
206.632
30900
206.499
30930
206.366
30960
206.261
30990
206.181
31020
206.121
31050
206.078
31080
206.05
31110
206.035
31140
206.033
31170
206.045
31200
206.068
31230
206.105
31260
206.153
31290
206.213
31320
206.285
31350
206.367
31380
206.461
31410
206.566
31440
206.681
31470
206.806
31500
206.941
31530
207.086
31560
207.24
31590
207.402
31620
207.573
31650
207.753
31680
207.94
31710
208.135
31740
208.337
31770
208.546
31800
208.761
31830
208.982
31860
209.209
31890
209.441
31920
209.678
31950
209.92
31980
210.165
32010
210.415
32040
210.668
32070
210.923
32100
211.182
32130
211.442
32160
211.704
32190
211.967
32220
212.232
32250
212.496
32280
212.761
32310
213.026
32340
213.29
32370
213.552
32400
213.814
32430
214.073
32460
214.33
32490
214.584
32520
214.787
