0
301
30
300.298
60
300.054
90
299.849
120
299.588
150
299.282
180
298.954
210
298.618
240
298.282
270
297.949
300
297.621
330
297.298
360
296.979
390
296.665
420
296.355
450
296.049
480
295.746
510
295.446
540
295.148
570
294.852
600
294.558
630
294.265
660
293.973
690
293.681
720
293.388
750
293.095
780
292.801
810
292.506
840
292.209
870
291.909
900
291.607
930
291.302
960
290.994
990
290.682
1020
290.367
1050
290.047
1080
289.722
1110
289.392
1140
289.057
1170
288.717
1200
288.371
1230
288.019
1260
287.66
1290
287.295
1320
286.923
1350
286.544
1380
286.157
1410
285.763
1440
285.362
1470
284.952
1500
284.535
1530
284.109
1560
283.675
1590
283.232
1620
282.781
1650
282.326
1680
281.888
1710
281.47
1740
281.068
1770
280.679
1800
280.301
1830
279.933
1860
279.574
1890
279.224
1920
278.883
1950
278.55
1980
278.224
2010
277.906
2040
277.595
2070
277.29
2100
276.957
2130
276.351
2160
275.749
2190
275.193
2220
274.634
2250
274.064
2280
273.488
2310
272.91
2340
272.333
2370
271.759
2400
271.19
2430
270.624
2460
270.063
2490
269.507
2520
268.955
2550
268.407
2580
267.864
2610
267.326
2640
266.791
2670
266.261
2700
265.735
2730
265.213
2760
264.695
2790
264.182
2820
263.672
2850
263.166
2880
262.664
2910
262.166
2940
261.671
2970
261.181
3000
260.694
3030
260.21
3060
259.73
3090
259.254
3120
258.781
3150
258.312
3180
257.846
3210
257.383
3240
256.923
3270
256.467
3300
256.014
3330
255.565
3360
255.118
3390
254.675
3420
254.234
3450
253.797
3480
253.362
3510
252.931
3540
252.503
3570
252.077
3600
251.654
3630
251.234
3660
250.817
3690
250.403
3720
249.991
3750
249.582
3780
249.176
3810
248.772
3840
248.371
3870
247.973
3900
247.577
3930
247.183
3960
246.792
3990
246.404
4020
246.018
4050
245.634
4080
245.253
4110
244.874
4140
244.498
4170
244.123
4200
243.751
4230
243.382
4260
243.014
4290
242.649
4320
242.286
4350
241.925
4380
241.566
4410
241.431
4440
241.73
4470
241.651
4500
241.458
4530
241.24
4560
241.018
4590
240.794
4620
240.567
4650
240.336
4680
240.1
4710
239.86
4740
239.614
4770
239.363
4800
239.107
4830
238.845
4860
238.577
4890
238.304
4920
238.041
4950
237.804
4980
237.587
5010
237.389
5040
237.206
5070
237.037
5100
236.882
5130
236.741
5160
236.612
5190
236.495
5220
236.391
5250
236.299
5280
236.219
5310
236.15
5340
236.092
5370
236.046
5400
236.009
5430
235.983
5460
235.968
5490
235.961
5520
235.964
5550
235.977
5580
235.997
5610
236.027
5640
236.064
5670
236.109
5700
236.161
5730
236.22
5760
236.286
5790
236.358
5820
236.436
5850
236.519
5880
236.607
5910
236.7
5940
236.798
5970
236.899
6000
237.004
6030
237.113
6060
237.224
6090
237.337
6120
237.453
6150
237.57
6180
237.689
6210
237.808
6240
237.928
6270
238.048
6300
238.167
6330
238.286
6360
238.404
6390
238.521
6420
238.636
6450
238.748
6480
238.859
6510
238.966
6540
239.087
6570
239.215
6600
239.344
6630
239.475
6660
239.609
6690
239.744
6720
239.883
6750
240.024
6780
240.166
6810
240.311
6840
240.457
6870
240.604
6900
240.751
6930
240.898
6960
241.045
6990
241.191
7020
241.337
7050
241.48
7080
241.621
7110
241.76
7140
241.897
7170
242.03
7200
242.159
7230
242.284
7260
242.405
7290
242.521
7320
242.632
7350
242.738
7380
242.838
7410
242.931
7440
243.018
7470
243.098
7500
243.171
7530
243.236
7560
243.293
7590
243.342
7620
243.383
7650
243.415
7680
243.438
7710
243.451
7740
243.455
7770
243.449
7800
243.432
7830
243.406
7860
243.369
7890
243.321
7920
243.262
7950
243.192
7980
243.111
8010
243.018
8040
242.914
8070
242.797
8100
242.669
8130
242.529
8160
242.381
8190
242.248
8220
242.132
8250
242.029
8280
241.935
8310
241.85
8340
241.771
8370
241.698
8400
241.632
8430
241.571
8460
241.515
8490
241.464
8520
241.418
8550
241.377
8580
241.339
8610
241.265
8640
240.914
8670
240.571
8700
240.271
8730
239.964
8760
239.643
8790
239.312
8820
238.975
8850
238.638
8880
238.3
8910
237.963
8940
237.628
8970
237.294
9000
236.962
9030
236.632
9060
236.303
9090
235.977
9120
235.652
9150
235.329
9180
235.008
9210
234.688
9240
234.37
9270
234.054
9300
233.74
9330
233.427
9360
233.116
9390
232.807
9420
232.499
9450
232.193
9480
231.889
9510
231.586
9540
231.284
9570
230.984
9600
230.686
9630
230.389
9660
230.094
9690
229.801
9720
229.508
9750
229.218
9780
228.929
9810
228.641
9840
228.354
9870
228.07
9900
227.786
9930
227.504
9960
227.223
9990
226.944
10020
226.666
10050
226.389
10080
226.114
10110
225.84
10140
225.568
10170
225.297
10200
225.027
10230
224.758
10260
224.49
10290
224.224
10320
223.96
10350
223.696
10380
223.433
10410
223.172
10440
222.912
10470
222.654
10500
222.396
10530
222.14
10560
221.885
10590
221.631
10620
221.378
10650
221.126
10680
220.876
10710
220.626
10740
220.378
10770
220.131
10800
219.885
10830
219.64
10860
219.396
10890
219.153
10920
219.153
10950
219.56
10980
219.587
11010
219.504
11040
219.398
11070
219.286
11100
219.171
11130
219.052
11160
218.929
11190
218.801
11220
218.667
11250
218.527
11280
218.381
11310
218.229
11340
218.07
11370
217.905
11400
217.733
11430
217.573
11460
217.436
11490
217.32
11520
217.221
11550
217.137
11580
217.067
11610
217.01
11640
216.965
11670
216.933
11700
216.912
11730
216.903
11760
216.906
11790
216.92
11820
216.945
11850
216.981
11880
217.027
11910
217.083
11940
217.149
11970
217.224
12000
217.309
12030
217.403
12060
217.505
12090
217.616
12120
217.735
12150
217.861
12180
217.995
12210
218.135
12240
218.283
12270
218.436
12300
218.596
12330
218.761
12360
218.931
12390
219.106
12420
219.286
12450
219.47
12480
219.657
12510
219.848
12540
220.041
12570
220.237
12600
220.436
12630
220.636
12660
220.838
12690
221.04
12720
221.243
12750
221.447
12780
221.65
12810
221.853
12840
222.055
12870
222.256
12900
222.454
12930
222.651
12960
222.846
12990
223.038
13020
223.227
13050
223.43
13080
223.639
13110
223.849
13140
224.06
13170
224.274
13200
224.49
13230
224.708
13260
224.928
13290
225.151
13320
225.374
13350
225.599
13380
225.824
13410
226.05
13440
226.276
13470
226.501
13500
226.725
13530
226.947
13560
227.168
13590
227.387
13620
227.602
13650
227.815
13680
228.024
13710
228.23
13740
228.431
13770
228.628
13800
228.819
13830
229.005
13860
229.186
13890
229.36
13920
229.528
13950
229.688
13980
229.842
14010
229.988
14040
230.126
14070
230.256
14100
230.378
14130
230.49
14160
230.594
14190
230.688
14220
230.773
14250
230.847
14280
230.911
14310
230.965
14340
231.008
14370
231.041
14400
231.062
14430
231.071
14460
231.069
14490
231.056
14520
231.03
14550
230.992
14580
230.942
14610
230.88
14640
230.805
14670
230.723
14700
230.656
14730
230.605
14760
230.566
14790
230.536
14820
230.514
14850
230.498
14880
230.488
14910
230.484
14940
230.485
14970
230.491
15000
230.501
15030
230.516
15060
230.534
15090
230.557
15120
230.537
15150
230.24
15180
229.958
15210
229.717
15240
229.467
15270
229.202
15300
228.927
15330
228.647
15360
228.364
15390
228.081
15420
227.798
15450
227.517
15480
227.236
15510
226.957
15540
226.679
15570
226.403
15600
226.127
15630
225.853
15660
225.581
15690
225.309
15720
225.039
15750
224.771
15780
224.503
15810
224.237
15840
223.972
15870
223.708
15900
223.446
15930
223.185
15960
222.925
15990
222.666
16020
222.408
16050
222.152
16080
221.897
16110
221.643
16140
221.39
16170
221.138
16200
220.887
16230
220.638
16260
220.39
16290
220.142
16320
219.896
16350
219.651
16380
219.407
16410
219.164
16440
218.923
16470
218.682
16500
218.442
16530
218.204
16560
217.966
16590
217.729
16620
217.494
16650
217.259
16680
217.026
16710
216.793
16740
216.562
16770
216.331
16800
216.102
16830
215.873
16860
215.646
16890
215.419
16920
215.193
16950
214.969
16980
214.745
17010
214.522
17040
214.3
17070
214.079
17100
213.859
17130
213.639
17160
213.421
17190
213.204
17220
212.987
17250
212.771
17280
212.557
17310
212.343
17340
212.13
17370
211.917
17400
211.706
17430
211.756
17460
212.187
17490
212.239
17520
212.185
17550
212.109
17580
212.027
17610
211.942
17640
211.853
17670
211.76
17700
211.661
17730
211.556
17760
211.445
17790
211.328
17820
211.204
17850
211.074
17880
210.937
17910
210.794
17940
210.663
17970
210.555
18000
210.467
18030
210.397
18060
210.341
18090
210.299
18120
210.269
18150
210.252
18180
210.247
18210
210.254
18240
210.273
18270
210.303
18300
210.344
18330
210.396
18360
210.458
18390
210.531
18420
210.614
18450
210.706
18480
210.808
18510
210.919
18540
211.04
18570
211.168
18600
211.305
18630
211.45
18660
211.602
18690
211.762
18720
211.929
18750
212.102
18780
212.281
18810
212.467
18840
212.658
18870
212.854
18900
213.054
18930
213.259
18960
213.469
18990
213.681
19020
213.898
19050
214.117
19080
214.338
19110
214.562
19140
214.787
19170
215.014
19200
215.242
19230
215.47
19260
215.699
19290
215.927
19320
216.155
19350
216.382
19380
216.607
19410
216.831
19440
217.053
19470
217.272
19500
217.489
19530
217.703
19560
217.931
19590
218.165
19620
218.399
19650
218.636
19680
218.874
19710
219.114
19740
219.357
19770
219.602
19800
219.849
19830
220.097
19860
220.346
19890
220.596
19920
220.846
19950
221.096
19980
221.345
20010
221.594
20040
221.84
20070
222.085
20100
222.328
20130
222.568
20160
222.804
20190
223.038
20220
223.267
20250
223.492
20280
223.712
20310
223.927
20340
224.137
20370
224.341
20400
224.539
20430
224.73
20460
224.914
20490
225.091
20520
225.26
20550
225.422
20580
225.575
20610
225.719
20640
225.855
20670
225.981
20700
226.098
20730
226.206
20760
226.303
20790
226.389
20820
226.466
20850
226.531
20880
226.586
20910
226.629
20940
226.66
20970
226.68
21000
226.688
21030
226.684
21060
226.668
21090
226.639
21120
226.598
21150
226.545
21180
226.484
21210
226.439
21240
226.409
21270
226.392
21300
226.383
21330
226.382
21360
226.388
21390
226.399
21420
226.415
21450
226.437
21480
226.463
21510
226.494
21540
226.528
21570
226.567
21600
226.609
21630
226.605
21660
226.322
21690
226.062
21720
225.84
21750
225.609
21780
225.363
21810
225.107
21840
224.845
21870
224.581
21900
224.316
21930
224.052
21960
223.788
21990
223.526
22020
223.264
22050
223.004
22080
222.745
22110
222.487
22140
222.23
22170
221.975
22200
221.72
22230
221.467
22260
221.215
22290
220.964
22320
220.714
22350
220.465
22380
220.218
22410
219.971
22440
219.726
22470
219.482
22500
219.239
22530
218.996
22560
218.755
22590
218.515
22620
218.276
22650
218.038
22680
217.802
22710
217.566
22740
217.331
22770
217.097
22800
216.864
22830
216.632
22860
216.402
22890
216.172
22920
215.943
22950
215.715
22980
215.488
23010
215.262
23040
215.037
23070
214.813
23100
214.59
23130
214.368
23160
214.146
23190
213.926
23220
213.706
23250
213.488
23280
213.27
23310
213.053
23340
212.837
23370
212.622
23400
212.408
23430
212.195
23460
211.982
23490
211.77
23520
211.56
23550
211.35
23580
211.14
23610
210.932
23640
210.725
23670
210.518
23700
210.312
23730
210.107
23760
209.903
23790
209.699
23820
209.497
23850
209.295
23880
209.094
23910
208.893
23940
208.974
23970
209.407
24000
209.464
24030
209.42
24060
209.354
24090
209.282
24120
209.208
24150
209.129
24180
209.046
24210
208.958
24240
208.863
24270
208.762
24300
208.655
24330
208.541
24360
208.421
24390
208.294
24420
208.161
24450
208.041
24480
207.943
24510
207.866
24540
207.806
24570
207.761
24600
207.729
24630
207.709
24660
207.702
24690
207.707
24720
207.724
24750
207.753
24780
207.793
24810
207.844
24840
207.905
24870
207.977
24900
208.06
24930
208.153
24960
208.255
24990
208.367
25020
208.487
25050
208.617
25080
208.755
25110
208.902
25140
209.056
25170
209.218
25200
209.387
25230
209.563
25260
209.746
25290
209.935
25320
210.13
25350
210.33
25380
210.535
25410
210.745
25440
210.959
25470
211.178
25500
211.4
25530
211.625
25560
211.854
25590
212.084
25620
212.317
25650
212.552
25680
212.788
25710
213.025
25740
213.262
25770
213.5
25800
213.737
25830
213.974
25860
214.21
25890
214.445
25920
214.678
25950
214.908
25980
215.137
26010
215.362
26040
215.585
26070
215.823
26100
216.066
26130
216.309
26160
216.555
26190
216.802
26220
217.051
26250
217.303
26280
217.557
26310
217.813
26340
218.07
26370
218.329
26400
218.587
26430
218.846
26460
219.105
26490
219.363
26520
219.62
26550
219.876
26580
220.13
26610
220.381
26640
220.63
26670
220.875
26700
221.117
26730
221.355
26760
221.589
26790
221.818
26820
222.042
26850
222.26
26880
222.473
26910
222.679
26940
222.879
26970
223.071
27000
223.257
27030
223.435
27060
223.604
27090
223.766
27120
223.919
27150
224.063
27180
224.197
27210
224.323
27240
224.438
27270
224.543
27300
224.638
27330
224.723
27360
224.796
27390
224.859
27420
224.91
27450
224.949
27480
224.977
27510
224.993
27540
224.997
27570
224.988
27600
224.968
27630
224.934
27660
224.888
27690
224.836
27720
224.799
27750
224.778
27780
224.769
27810
224.768
27840
224.775
27870
224.789
27900
224.808
27930
224.832
27960
224.861
27990
224.895
28020
224.934
28050
224.976
28080
225.022
28110
225.072
28140
225.068
28170
224.788
28200
224.539
28230
224.324
28260
224.099
28290
223.86
28320
223.611
28350
223.356
28380
223.099
28410
222.841
28440
222.583
28470
222.327
28500
222.071
28530
221.816
28560
221.563
28590
221.31
28620
221.059
28650
220.809
28680
220.56
28710
220.312
28740
220.065
28770
219.819
28800
219.574
28830
219.331
28860
219.088
28890
218.847
28920
218.606
28950
218.367
28980
218.129
29010
217.891
29040
217.655
29070
217.42
29100
217.186
29130
216.952
29160
216.72
29190
216.489
29220
216.259
29250
216.03
29280
215.801
29310
215.574
29340
215.348
29370
215.122
29400
214.898
29430
214.674
29460
214.452
29490
214.23
29520
214.009
29550
213.789
29580
213.57
29610
213.352
29640
213.135
29670
212.919
29700
212.703
29730
212.489
29760
212.275
29790
212.062
29820
211.85
29850
211.639
29880
211.429
29910
211.22
29940
211.011
29970
210.803
30000
210.596
30030
210.39
30060
210.185
30090
209.98
30120
209.776
30150
209.573
30180
209.371
30210
209.17
30240
208.969
30270
208.769
30300
208.57
30330
208.372
30360
208.174
30390
207.977
30420
207.781
30450
207.886
30480
208.314
30510
208.369
30540
208.328
30570
208.266
30600
208.198
30630
208.128
30660
208.054
30690
207.974
30720
207.89
30750
207.799
30780
207.702
30810
207.598
30840
207.488
30870
207.372
30900
207.249
30930
207.119
30960
207.003
30990
206.911
31020
206.838
31050
206.782
31080
206.741
31110
206.713
31140
206.698
31170
206.695
31200
206.704
31230
206.725
31260
206.757
31290
206.801
31320
206.856
31350
206.922
31380
206.998
31410
207.085
31440
207.181
31470
207.287
31500
207.403
31530
207.528
31560
207.661
31590
207.803
31620
207.954
31650
208.112
31680
208.278
31710
208.451
31740
208.63
31770
208.817
31800
209.009
31830
209.208
31860
209.412
31890
209.621
31920
209.834
31950
210.053
31980
210.275
32010
210.5
32040
210.729
32070
210.961
32100
211.196
32130
211.432
32160
211.67
32190
211.91
32220
212.15
32250
212.391
32280
212.633
32310
212.874
32340
213.114
32370
213.353
32400
213.591
32430
213.828
32460
214.062
32490
214.294
32520
214.505
