0
301
30
300.232
60
299.702
90
299.36
120
299.07
150
298.781
180
298.487
210
298.191
240
297.896
270
297.607
300
297.322
330
297.043
360
296.769
390
296.5
420
296.235
450
295.974
480
295.717
510
295.462
540
295.21
570
294.96
600
294.712
630
294.464
660
294.217
690
293.97
720
293.722
750
293.474
780
293.224
810
292.973
840
292.719
870
292.463
900
292.204
930
291.942
960
291.675
990
291.405
1020
291.13
1050
290.85
1080
290.564
1110
290.274
1140
289.977
1170
289.674
1200
289.364
1230
289.047
1260
288.724
1290
288.392
1320
288.053
1350
287.706
1380
287.351
1410
286.988
1440
286.615
1470
286.234
1500
285.844
1530
285.444
1560
285.035
1590
284.616
1620
284.187
1650
283.75
1680
283.314
1710
282.889
1740
282.476
1770
282.073
1800
281.681
1830
281.297
1860
280.921
1890
280.553
1920
280.192
1950
279.838
1980
279.491
2010
279.15
2040
278.815
2070
278.486
2100
277.913
2130
276.763
2160
275.941
2190
275.284
2220
274.68
2250
274.092
2280
273.508
2310
272.927
2340
272.349
2370
271.774
2400
271.204
2430
270.638
2460
270.077
2490
269.52
2520
268.968
2550
268.421
2580
267.877
2610
267.339
2640
266.804
2670
266.274
2700
265.748
2730
265.226
2760
264.708
2790
264.194
2820
263.684
2850
263.178
2880
262.676
2910
262.178
2940
261.683
2970
261.192
3000
260.705
3030
260.222
3060
259.742
3090
259.265
3120
258.792
3150
258.323
3180
257.857
3210
257.394
3240
256.935
3270
256.478
3300
256.025
3330
255.575
3360
255.129
3390
254.685
3420
254.245
3450
253.807
3480
253.373
3510
252.941
3540
252.513
3570
252.087
3600
251.664
3630
251.244
3660
250.827
3690
250.413
3720
250.001
3750
249.592
3780
249.186
3810
248.782
3840
248.381
3870
247.982
3900
247.586
3930
247.193
3960
246.802
3990
246.413
4020
246.027
4050
245.643
4080
245.262
4110
244.883
4140
244.507
4170
244.132
4200
243.76
4230
243.391
4260
243.023
4290
242.658
4320
242.295
4350
241.934
4380
241.575
4410
241.241
4440
241.158
4470
241.116
4500
240.979
4530
240.792
4560
240.587
4590
240.373
4620
240.154
4650
239.931
4680
239.704
4710
239.472
4740
239.235
4770
238.992
4800
238.745
4830
238.492
4860
238.234
4890
237.971
4920
237.707
4950
237.456
4980
237.222
5010
237.005
5040
236.803
5070
236.616
5100
236.442
5130
236.282
5160
236.135
5190
236.001
5220
235.88
5250
235.772
5280
235.675
5310
235.59
5340
235.517
5370
235.456
5400
235.405
5430
235.365
5460
235.336
5490
235.317
5520
235.308
5550
235.308
5580
235.318
5610
235.337
5640
235.364
5670
235.4
5700
235.443
5730
235.494
5760
235.552
5790
235.617
5820
235.689
5850
235.767
5880
235.85
5910
235.939
5940
236.033
5970
236.131
6000
236.234
6030
236.34
6060
236.45
6090
236.564
6120
236.679
6150
236.797
6180
236.917
6210
237.039
6240
237.162
6270
237.285
6300
237.409
6330
237.533
6360
237.656
6390
237.779
6420
237.9
6450
238.02
6480
238.138
6510
238.254
6540
238.392
6570
238.55
6600
238.717
6630
238.889
6660
239.065
6690
239.244
6720
239.426
6750
239.612
6780
239.799
6810
239.989
6840
240.18
6870
240.373
6900
240.566
6930
240.76
6960
240.953
6990
241.145
7020
241.337
7050
241.527
7080
241.714
7110
241.9
7140
242.082
7170
242.261
7200
242.436
7230
242.607
7260
242.773
7290
242.934
7320
243.09
7350
243.24
7380
243.384
7410
243.52
7440
243.65
7470
243.773
7500
243.887
7530
243.994
7560
244.092
7590
244.181
7620
244.26
7650
244.331
7680
244.391
7710
244.442
7740
244.482
7770
244.511
7800
244.529
7830
244.536
7860
244.531
7890
244.515
7920
244.487
7950
244.447
7980
244.394
8010
244.329
8040
244.25
8070
244.159
8100
244.055
8130
243.938
8160
243.808
8190
243.677
8220
243.554
8250
243.439
8280
243.332
8310
243.232
8340
243.137
8370
243.047
8400
242.962
8430
242.882
8460
242.805
8490
242.733
8520
242.664
8550
242.598
8580
242.536
8610
242.204
8640
241.315
8670
240.757
8700
240.356
8730
240.004
8760
239.664
8790
239.326
8820
238.987
8850
238.647
8880
238.309
8910
237.972
8940
237.636
8970
237.302
9000
236.97
9030
236.64
9060
236.311
9090
235.985
9120
235.66
9150
235.337
9180
235.015
9210
234.696
9240
234.378
9270
234.062
9300
233.748
9330
233.435
9360
233.124
9390
232.814
9420
232.507
9450
232.2
9480
231.896
9510
231.593
9540
231.291
9570
230.992
9600
230.693
9630
230.397
9660
230.101
9690
229.808
9720
229.515
9750
229.225
9780
228.935
9810
228.648
9840
228.361
9870
228.076
9900
227.793
9930
227.511
9960
227.23
9990
226.951
10020
226.673
10050
226.396
10080
226.121
10110
225.847
10140
225.574
10170
225.303
10200
225.033
10230
224.764
10260
224.497
10290
224.231
10320
223.966
10350
223.702
10380
223.44
10410
223.179
10440
222.919
10470
222.66
10500
222.402
10530
222.146
10560
221.891
10590
221.637
10620
221.384
10650
221.132
10680
220.882
10710
220.632
10740
220.384
10770
220.137
10800
219.891
10830
219.646
10860
219.402
10890
219.159
10920
218.944
10950
218.983
10980
219.051
11010
219.024
11040
218.948
11070
218.853
11100
218.748
11130
218.638
11160
218.523
11190
218.403
11220
218.277
11250
218.146
11280
218.008
11310
217.865
11340
217.716
11370
217.56
11400
217.399
11430
217.237
11460
217.087
11490
216.953
11520
216.835
11550
216.732
11580
216.643
11610
216.567
11640
216.504
11670
216.453
11700
216.415
11730
216.389
11760
216.375
11790
216.373
11820
216.382
11850
216.402
11880
216.433
11910
216.475
11940
216.527
11970
216.589
12000
216.661
12030
216.742
12060
216.833
12090
216.933
12120
217.041
12150
217.157
12180
217.281
12210
217.413
12240
217.553
12270
217.699
12300
217.851
12330
218.01
12360
218.175
12390
218.345
12420
218.52
12450
218.7
12480
218.884
12510
219.072
12540
219.264
12570
219.459
12600
219.657
12630
219.858
12660
220.06
12690
220.264
12720
220.47
12750
220.676
12780
220.883
12810
221.09
12840
221.297
12870
221.503
12900
221.708
12930
221.911
12960
222.113
12990
222.313
13020
222.51
13050
222.73
13080
222.97
13110
223.218
13140
223.47
13170
223.727
13200
223.986
13230
224.248
13260
224.513
13290
224.781
13320
225.05
13350
225.32
13380
225.591
13410
225.863
13440
226.135
13470
226.406
13500
226.677
13530
226.946
13560
227.213
13590
227.478
13620
227.74
13650
227.999
13680
228.255
13710
228.506
13740
228.753
13770
228.995
13800
229.232
13830
229.462
13860
229.687
13890
229.905
13920
230.116
13950
230.32
13980
230.516
14010
230.705
14040
230.884
14070
231.055
14100
231.216
14130
231.368
14160
231.51
14190
231.643
14220
231.764
14250
231.875
14280
231.974
14310
232.063
14340
232.139
14370
232.204
14400
232.257
14430
232.297
14460
232.325
14490
232.34
14520
232.342
14550
232.33
14580
232.305
14610
232.267
14640
232.215
14670
232.151
14700
232.085
14730
232.026
14760
231.976
14790
231.933
14820
231.896
14850
231.864
14880
231.837
14910
231.815
14940
231.796
14970
231.781
15000
231.77
15030
231.761
15060
231.756
15090
231.753
15120
231.46
15150
230.633
15180
230.14
15210
229.799
15240
229.505
15270
229.222
15300
228.94
15330
228.656
15360
228.372
15390
228.089
15420
227.806
15450
227.524
15480
227.243
15510
226.964
15540
226.686
15570
226.409
15600
226.134
15630
225.86
15660
225.587
15690
225.316
15720
225.046
15750
224.777
15780
224.51
15810
224.243
15840
223.978
15870
223.715
15900
223.452
15930
223.191
15960
222.931
15990
222.672
16020
222.415
16050
222.158
16080
221.903
16110
221.649
16140
221.396
16170
221.144
16200
220.893
16230
220.644
16260
220.396
16290
220.148
16320
219.902
16350
219.657
16380
219.413
16410
219.17
16440
218.928
16470
218.688
16500
218.448
16530
218.209
16560
217.972
16590
217.735
16620
217.5
16650
217.265
16680
217.031
16710
216.799
16740
216.567
16770
216.337
16800
216.107
16830
215.879
16860
215.651
16890
215.424
16920
215.199
16950
214.974
16980
214.75
17010
214.527
17040
214.305
17070
214.084
17100
213.864
17130
213.645
17160
213.426
17190
213.209
17220
212.992
17250
212.777
17280
212.562
17310
212.348
17340
212.135
17370
211.922
17400
211.711
17430
211.531
17460
211.608
17490
211.704
17520
211.705
17550
211.659
17580
211.593
17610
211.519
17640
211.439
17670
211.353
17700
211.262
17730
211.166
17760
211.063
17790
210.955
17820
210.84
17850
210.72
17880
210.593
17910
210.459
17940
210.326
17970
210.204
18000
210.099
18030
210.009
18060
209.935
18090
209.873
18120
209.825
18150
209.79
18180
209.767
18210
209.756
18240
209.757
18270
209.77
18300
209.795
18330
209.831
18360
209.878
18390
209.936
18420
210.004
18450
210.083
18480
210.172
18510
210.27
18540
210.378
18570
210.495
18600
210.621
18630
210.755
18660
210.897
18690
211.048
18720
211.205
18750
211.37
18780
211.542
18810
211.721
18840
211.905
18870
212.095
18900
212.291
18930
212.492
18960
212.697
18990
212.907
19020
213.121
19050
213.338
19080
213.559
19110
213.782
19140
214.008
19170
214.235
19200
214.465
19230
214.695
19260
214.926
19290
215.158
19320
215.39
19350
215.622
19380
215.853
19410
216.083
19440
216.311
19470
216.538
19500
216.763
19530
216.985
19560
217.231
19590
217.495
19620
217.768
19650
218.045
19680
218.326
19710
218.61
19740
218.898
19770
219.187
19800
219.479
19830
219.773
19860
220.067
19890
220.363
19920
220.659
19950
220.956
19980
221.251
20010
221.546
20040
221.839
20070
222.13
20100
222.42
20130
222.706
20160
222.989
20190
223.268
20220
223.544
20250
223.814
20280
224.08
20310
224.34
20340
224.595
20370
224.843
20400
225.085
20430
225.32
20460
225.547
20490
225.766
20520
225.978
20550
226.18
20580
226.374
20610
226.559
20640
226.734
20670
226.899
20700
227.054
20730
227.198
20760
227.331
20790
227.453
20820
227.564
20850
227.663
20880
227.75
20910
227.825
20940
227.887
20970
227.937
21000
227.973
21030
227.997
21060
228.007
21090
228.004
21120
227.987
21150
227.956
21180
227.913
21210
227.868
21240
227.831
21270
227.802
21300
227.78
21330
227.764
21360
227.754
21390
227.747
21420
227.745
21450
227.747
21480
227.753
21510
227.762
21540
227.774
21570
227.788
21600
227.806
21630
227.51
21660
226.706
21690
226.24
21720
225.92
21750
225.646
21780
225.382
21810
225.119
21840
224.854
21870
224.589
21900
224.323
21930
224.059
21960
223.795
21990
223.532
22020
223.271
22050
223.01
22080
222.751
22110
222.493
22140
222.236
22170
221.981
22200
221.726
22230
221.473
22260
221.221
22290
220.97
22320
220.72
22350
220.471
22380
220.224
22410
219.977
22440
219.732
22470
219.488
22500
219.244
22530
219.002
22560
218.761
22590
218.521
22620
218.282
22650
218.044
22680
217.807
22710
217.571
22740
217.337
22770
217.103
22800
216.87
22830
216.638
22860
216.407
22890
216.177
22920
215.948
22950
215.72
22980
215.494
23010
215.268
23040
215.042
23070
214.818
23100
214.595
23130
214.373
23160
214.151
23190
213.931
23220
213.712
23250
213.493
23280
213.275
23310
213.058
23340
212.842
23370
212.627
23400
212.413
23430
212.2
23460
211.987
23490
211.775
23520
211.565
23550
211.355
23580
211.145
23610
210.937
23640
210.73
23670
210.523
23700
210.317
23730
210.112
23760
209.908
23790
209.704
23820
209.501
23850
209.299
23880
209.098
23910
208.898
23940
208.733
23970
208.827
24000
208.931
24030
208.941
24060
208.904
24090
208.849
24120
208.785
24150
208.715
24180
208.64
24210
208.559
24240
208.473
24270
208.381
24300
208.282
24330
208.178
24360
208.067
24390
207.95
24420
207.827
24450
207.703
24480
207.592
24510
207.497
24540
207.418
24570
207.353
24600
207.302
24630
207.264
24660
207.239
24690
207.226
24720
207.225
24750
207.237
24780
207.26
24810
207.294
24840
207.34
24870
207.397
24900
207.464
24930
207.543
24960
207.631
24990
207.729
25020
207.837
25050
207.955
25080
208.081
25110
208.216
25140
208.36
25170
208.512
25200
208.672
25230
208.839
25260
209.014
25290
209.195
25320
209.383
25350
209.577
25380
209.776
25410
209.981
25440
210.191
25470
210.406
25500
210.625
25530
210.848
25560
211.075
25590
211.304
25620
211.537
25650
211.772
25680
212.009
25710
212.247
25740
212.487
25770
212.727
25800
212.968
25830
213.209
25860
213.45
25890
213.69
25920
213.929
25950
214.167
25980
214.402
26010
214.636
26040
214.867
26070
215.123
26100
215.397
26130
215.679
26160
215.965
26190
216.255
26220
216.549
26250
216.845
26280
217.143
26310
217.444
26340
217.747
26370
218.051
26400
218.355
26430
218.66
26460
218.966
26490
219.27
26520
219.574
26550
219.876
26580
220.176
26610
220.474
26640
220.769
26670
221.061
26700
221.349
26730
221.633
26760
221.912
26790
222.187
26820
222.456
26850
222.719
26880
222.976
26910
223.226
26940
223.469
26970
223.705
27000
223.933
27030
224.153
27060
224.364
27090
224.566
27120
224.759
27150
224.943
27180
225.116
27210
225.279
27240
225.431
27270
225.573
27300
225.703
27330
225.822
27360
225.929
27390
226.024
27420
226.107
27450
226.177
27480
226.235
27510
226.279
27540
226.31
27570
226.328
27600
226.333
27630
226.324
27660
226.3
27690
226.265
27720
226.229
27750
226.2
27780
226.179
27810
226.165
27840
226.157
27870
226.154
27900
226.156
27930
226.162
27960
226.171
27990
226.185
28020
226.201
28050
226.221
28080
226.243
28110
226.268
28140
225.955
28170
225.164
28200
224.712
28230
224.402
28260
224.135
28290
223.879
28320
223.623
28350
223.365
28380
223.106
28410
222.848
28440
222.59
28470
222.333
28500
222.077
28530
221.822
28560
221.569
28590
221.316
28620
221.065
28650
220.815
28680
220.565
28710
220.317
28740
220.071
28770
219.825
28800
219.58
28830
219.336
28860
219.094
28890
218.852
28920
218.612
28950
218.373
28980
218.134
29010
217.897
29040
217.661
29070
217.425
29100
217.191
29130
216.958
29160
216.726
29190
216.495
29220
216.264
29250
216.035
29280
215.807
29310
215.579
29340
215.353
29370
215.128
29400
214.903
29430
214.68
29460
214.457
29490
214.235
29520
214.015
29550
213.795
29580
213.576
29610
213.358
29640
213.14
29670
212.924
29700
212.709
29730
212.494
29760
212.28
29790
212.068
29820
211.856
29850
211.644
29880
211.434
29910
211.225
29940
211.016
29970
210.808
30000
210.601
30030
210.395
30060
210.19
30090
209.985
30120
209.781
30150
209.578
30180
209.376
30210
209.174
30240
208.974
30270
208.774
30300
208.575
30330
208.376
30360
208.179
30390
207.982
30420
207.786
30450
207.629
30480
207.733
30510
207.838
30540
207.85
30570
207.817
30600
207.766
30630
207.705
30660
207.639
30690
207.568
30720
207.491
30750
207.409
30780
207.32
30810
207.226
30840
207.125
30870
207.018
30900
206.905
30930
206.785
30960
206.666
30990
206.559
31020
206.468
31050
206.393
31080
206.333
31110
206.286
31140
206.252
31170
206.231
31200
206.222
31230
206.225
31260
206.241
31290
206.268
31320
206.306
31350
206.356
31380
206.417
31410
206.488
31440
206.57
31470
206.663
31500
206.765
31530
206.877
31560
206.998
31590
207.129
31620
207.268
31650
207.415
31680
207.571
31710
207.735
31740
207.906
31770
208.084
31800
208.269
31830
208.461
31860
208.658
31890
208.862
31920
209.07
31950
209.284
31980
209.503
32010
209.725
32040
209.952
32070
210.182
32100
210.415
32130
210.651
32160
210.89
32190
211.13
32220
211.372
32250
211.616
32280
211.86
32310
212.104
32340
212.349
32370
212.593
32400
212.837
32430
213.079
32460
213.32
32490
213.559
32520
213.795
