0
301
30
300.162
60
299.484
90
298.941
120
298.495
150
298.107
180
297.752
210
297.418
240
297.098
270
296.787
300
296.485
330
296.191
360
295.902
390
295.62
420
295.343
450
295.07
480
294.802
510
294.538
540
294.276
570
294.017
600
293.761
630
293.506
660
293.252
690
292.999
720
292.747
750
292.494
780
292.241
810
291.986
840
291.731
870
291.473
900
291.214
930
290.951
960
290.686
990
290.417
1020
290.145
1050
289.868
1080
289.587
1110
289.301
1140
289.009
1170
288.713
1200
288.41
1230
288.101
1260
287.786
1290
287.464
1320
287.135
1350
286.799
1380
286.455
1410
286.104
1440
285.744
1470
285.376
1500
285
1530
284.615
1560
284.221
1590
283.819
1620
283.407
1650
282.986
1680
282.561
1710
282.136
1740
281.717
1770
281.306
1800
280.902
1830
280.508
1860
280.121
1890
279.742
1920
279.371
1950
279.008
1980
278.652
2010
278.303
2040
277.96
2070
277.624
2100
277.273
2130
276.692
2160
275.993
2190
275.32
2220
274.679
2250
274.062
2280
273.461
2310
272.871
2340
272.288
2370
271.712
2400
271.141
2430
270.575
2460
270.014
2490
269.457
2520
268.906
2550
268.359
2580
267.816
2610
267.277
2640
266.743
2670
266.214
2700
265.688
2730
265.166
2760
264.649
2790
264.136
2820
263.626
2850
263.121
2880
262.619
2910
262.121
2940
261.627
2970
261.137
3000
260.65
3030
260.167
3060
259.687
3090
259.211
3120
258.739
3150
258.27
3180
257.804
3210
257.341
3240
256.882
3270
256.426
3300
255.974
3330
255.524
3360
255.078
3390
254.635
3420
254.195
3450
253.757
3480
253.323
3510
252.892
3540
252.464
3570
252.039
3600
251.616
3630
251.197
3660
250.78
3690
250.365
3720
249.954
3750
249.545
3780
249.139
3810
248.736
3840
248.335
3870
247.937
3900
247.541
3930
247.148
3960
246.757
3990
246.369
4020
245.983
4050
245.6
4080
245.219
4110
244.84
4140
244.464
4170
244.09
4200
243.718
4230
243.348
4260
242.981
4290
242.616
4320
242.253
4350
241.892
4380
241.534
4410
241.18
4440
240.893
4470
240.698
4500
240.527
4530
240.351
4560
240.165
4590
239.972
4620
239.771
4650
239.565
4680
239.354
4710
239.137
4740
238.916
4770
238.69
4800
238.459
4830
238.223
4860
237.981
4890
237.735
4920
237.485
4950
237.238
4980
236.999
5010
236.772
5040
236.557
5070
236.355
5100
236.167
5130
235.992
5160
235.83
5190
235.681
5220
235.545
5250
235.422
5280
235.311
5310
235.213
5340
235.126
5370
235.051
5400
234.988
5430
234.935
5460
234.894
5490
234.862
5520
234.842
5550
234.831
5580
234.829
5610
234.837
5640
234.854
5670
234.88
5700
234.914
5730
234.956
5760
235.006
5790
235.062
5820
235.126
5850
235.197
5880
235.273
5910
235.356
5940
235.443
5970
235.536
6000
235.634
6030
235.736
6060
235.842
6090
235.951
6120
236.064
6150
236.179
6180
236.297
6210
236.417
6240
236.539
6270
236.661
6300
236.785
6330
236.909
6360
237.033
6390
237.157
6420
237.281
6450
237.403
6480
237.523
6510
237.642
6540
237.763
6570
237.895
6600
238.036
6630
238.185
6660
238.34
6690
238.501
6720
238.666
6750
238.835
6780
239.007
6810
239.182
6840
239.359
6870
239.538
6900
239.718
6930
239.899
6960
240.081
6990
240.263
7020
240.444
7050
240.624
7080
240.803
7110
240.981
7140
241.156
7170
241.328
7200
241.498
7230
241.664
7260
241.826
7290
241.984
7320
242.137
7350
242.285
7380
242.427
7410
242.563
7440
242.694
7470
242.817
7500
242.933
7530
243.043
7560
243.144
7590
243.237
7620
243.322
7650
243.398
7680
243.465
7710
243.523
7740
243.57
7770
243.608
7800
243.636
7830
243.653
7860
243.659
7890
243.655
7920
243.639
7950
243.611
7980
243.572
8010
243.521
8040
243.458
8070
243.382
8100
243.294
8130
243.193
8160
243.081
8190
242.96
8220
242.837
8250
242.716
8280
242.599
8310
242.488
8340
242.381
8370
242.28
8400
242.184
8430
242.093
8460
242.007
8490
241.925
8520
241.847
8550
241.773
8580
241.703
8610
241.613
8640
241.284
8670
240.842
8700
240.423
8730
240.033
8760
239.664
8790
239.307
8820
238.958
8850
238.614
8880
238.273
8910
237.935
8940
237.598
8970
237.264
9000
236.932
9030
236.602
9060
236.274
9090
235.947
9120
235.623
9150
235.3
9180
234.979
9210
234.659
9240
234.342
9270
234.026
9300
233.712
9330
233.399
9360
233.088
9390
232.779
9420
232.471
9450
232.165
9480
231.861
9510
231.558
9540
231.257
9570
230.957
9600
230.659
9630
230.363
9660
230.068
9690
229.774
9720
229.482
9750
229.191
9780
228.902
9810
228.615
9840
228.329
9870
228.044
9900
227.76
9930
227.478
9960
227.198
9990
226.919
10020
226.641
10050
226.364
10080
226.089
10110
225.816
10140
225.543
10170
225.272
10200
225.002
10230
224.734
10260
224.466
10290
224.2
10320
223.936
10350
223.672
10380
223.41
10410
223.149
10440
222.889
10470
222.63
10500
222.373
10530
222.117
10560
221.862
10590
221.608
10620
221.355
10650
221.103
10680
220.853
10710
220.604
10740
220.355
10770
220.108
10800
219.862
10830
219.618
10860
219.374
10890
219.131
10920
218.893
10950
218.723
10980
218.642
11010
218.583
11040
218.518
11070
218.443
11100
218.359
11130
218.267
11160
218.169
11190
218.065
11220
217.955
11250
217.839
11280
217.718
11310
217.591
11340
217.458
11370
217.319
11400
217.175
11430
217.026
11460
216.88
11490
216.741
11520
216.613
11550
216.496
11580
216.392
11610
216.301
11640
216.223
11670
216.158
11700
216.105
11730
216.064
11760
216.035
11790
216.018
11820
216.013
11850
216.02
11880
216.037
11910
216.066
11940
216.105
11970
216.154
12000
216.214
12030
216.284
12060
216.363
12090
216.451
12120
216.549
12150
216.655
12180
216.769
12210
216.891
12240
217.021
12270
217.159
12300
217.303
12330
217.454
12360
217.611
12390
217.774
12420
217.943
12450
218.117
12480
218.295
12510
218.478
12540
218.666
12570
218.857
12600
219.051
12630
219.248
12660
219.448
12690
219.65
12720
219.853
12750
220.058
12780
220.265
12810
220.471
12840
220.678
12870
220.885
12900
221.091
12930
221.297
12960
221.501
12990
221.703
13020
221.903
13050
222.106
13080
222.318
13110
222.541
13140
222.771
13170
223.007
13200
223.247
13230
223.492
13260
223.741
13290
223.993
13320
224.247
13350
224.503
13380
224.761
13410
225.02
13440
225.279
13470
225.539
13500
225.799
13530
226.058
13560
226.316
13590
226.572
13620
226.826
13650
227.078
13680
227.327
13710
227.573
13740
227.815
13770
228.053
13800
228.286
13830
228.514
13860
228.737
13890
228.954
13920
229.165
13950
229.37
13980
229.567
14010
229.757
14040
229.939
14070
230.114
14100
230.279
14130
230.437
14160
230.585
14190
230.723
14220
230.852
14250
230.971
14280
231.079
14310
231.177
14340
231.264
14370
231.339
14400
231.404
14430
231.456
14460
231.497
14490
231.526
14520
231.542
14550
231.546
14580
231.536
14610
231.514
14640
231.479
14670
231.431
14700
231.375
14730
231.317
14760
231.26
14790
231.208
14820
231.159
14850
231.116
14880
231.077
14910
231.044
14940
231.014
14970
230.989
15000
230.969
15030
230.951
15060
230.938
15090
230.928
15120
230.893
15150
230.617
15180
230.233
15210
229.872
15240
229.54
15270
229.228
15300
228.927
15330
228.634
15360
228.345
15390
228.059
15420
227.775
15450
227.492
15480
227.212
15510
226.932
15540
226.654
15570
226.378
15600
226.102
15630
225.829
15660
225.556
15690
225.285
15720
225.015
15750
224.746
15780
224.479
15810
224.213
15840
223.948
15870
223.685
15900
223.422
15930
223.161
15960
222.901
15990
222.643
16020
222.385
16050
222.129
16080
221.874
16110
221.62
16140
221.367
16170
221.115
16200
220.865
16230
220.615
16260
220.367
16290
220.12
16320
219.874
16350
219.629
16380
219.385
16410
219.142
16440
218.901
16470
218.66
16500
218.421
16530
218.182
16560
217.945
16590
217.708
16620
217.473
16650
217.238
16680
217.005
16710
216.772
16740
216.541
16770
216.311
16800
216.081
16830
215.853
16860
215.625
16890
215.398
16920
215.173
16950
214.948
16980
214.724
17010
214.502
17040
214.28
17070
214.059
17100
213.839
17130
213.62
17160
213.401
17190
213.184
17220
212.967
17250
212.752
17280
212.537
17310
212.323
17340
212.11
17370
211.898
17400
211.687
17430
211.48
17460
211.344
17490
211.296
17520
211.267
17550
211.232
17580
211.187
17610
211.133
17640
211.071
17670
211.002
17700
210.928
17730
210.847
17760
210.761
17790
210.668
17820
210.57
17850
210.466
17880
210.355
17910
210.239
17940
210.119
17970
210.001
18000
209.89
18030
209.79
18060
209.701
18090
209.625
18120
209.562
18150
209.512
18180
209.473
18210
209.448
18240
209.434
18270
209.433
18300
209.443
18330
209.465
18360
209.498
18390
209.542
18420
209.597
18450
209.663
18480
209.739
18510
209.825
18540
209.921
18570
210.026
18600
210.141
18630
210.264
18660
210.397
18690
210.537
18720
210.685
18750
210.841
18780
211.004
18810
211.174
18840
211.351
18870
211.533
18900
211.722
18930
211.916
18960
212.116
18990
212.32
19020
212.529
19050
212.741
19080
212.957
19110
213.177
19140
213.399
19170
213.624
19200
213.851
19230
214.08
19260
214.31
19290
214.542
19320
214.773
19350
215.005
19380
215.237
19410
215.468
19440
215.698
19470
215.927
19500
216.154
19530
216.379
19560
216.607
19590
216.844
19620
217.092
19650
217.346
19680
217.607
19710
217.873
19740
218.143
19770
218.416
19800
218.692
19830
218.971
19860
219.251
19890
219.534
19920
219.817
19950
220.101
19980
220.385
20010
220.669
20040
220.953
20070
221.235
20100
221.515
20130
221.794
20160
222.07
20190
222.343
20220
222.612
20250
222.878
20280
223.14
20310
223.397
20340
223.649
20370
223.895
20400
224.136
20430
224.37
20460
224.598
20490
224.819
20520
225.032
20550
225.238
20580
225.435
20610
225.624
20640
225.804
20670
225.975
20700
226.137
20730
226.288
20760
226.43
20790
226.561
20820
226.681
20850
226.79
20880
226.888
20910
226.974
20940
227.049
20970
227.112
21000
227.162
21030
227.2
21060
227.225
21090
227.238
21120
227.237
21150
227.223
21180
227.196
21210
227.161
21240
227.124
21270
227.089
21300
227.057
21330
227.03
21360
227.007
21390
226.99
21420
226.976
21450
226.968
21480
226.963
21510
226.962
21540
226.966
21570
226.972
21600
226.982
21630
226.964
21660
226.7
21690
226.335
21720
225.995
21750
225.682
21780
225.39
21810
225.108
21840
224.834
21870
224.564
21900
224.296
21930
224.03
21960
223.765
21990
223.502
22020
223.241
22050
222.981
22080
222.721
22110
222.464
22140
222.207
22170
221.951
22200
221.697
22230
221.444
22260
221.192
22290
220.941
22320
220.691
22350
220.443
22380
220.195
22410
219.949
22440
219.704
22470
219.46
22500
219.217
22530
218.974
22560
218.734
22590
218.494
22620
218.255
22650
218.017
22680
217.78
22710
217.544
22740
217.31
22770
217.076
22800
216.843
22830
216.612
22860
216.381
22890
216.151
22920
215.922
22950
215.694
22980
215.468
23010
215.242
23040
215.017
23070
214.793
23100
214.57
23130
214.347
23160
214.126
23190
213.906
23220
213.686
23250
213.468
23280
213.25
23310
213.033
23340
212.818
23370
212.603
23400
212.388
23430
212.175
23460
211.963
23490
211.751
23520
211.54
23550
211.331
23580
211.121
23610
210.913
23640
210.706
23670
210.499
23700
210.293
23730
210.088
23760
209.884
23790
209.681
23820
209.478
23850
209.276
23880
209.075
23910
208.875
23940
208.68
23970
208.558
24000
208.522
24030
208.504
24060
208.48
24090
208.445
24120
208.401
24150
208.349
24180
208.291
24210
208.226
24240
208.156
24270
208.08
24300
207.997
24330
207.909
24360
207.815
24390
207.714
24420
207.608
24450
207.498
24480
207.39
24510
207.289
24540
207.199
24570
207.121
24600
207.055
24630
207.002
24660
206.961
24690
206.933
24720
206.918
24750
206.914
24780
206.922
24810
206.942
24840
206.974
24870
207.017
24900
207.071
24930
207.136
24960
207.211
24990
207.297
25020
207.393
25050
207.498
25080
207.613
25110
207.737
25140
207.87
25170
208.012
25200
208.162
25230
208.319
25260
208.485
25290
208.657
25320
208.837
25350
209.023
25380
209.215
25410
209.413
25440
209.616
25470
209.825
25500
210.039
25530
210.256
25560
210.478
25590
210.704
25620
210.932
25650
211.164
25680
211.398
25710
211.634
25740
211.872
25770
212.112
25800
212.352
25830
212.593
25860
212.834
25890
213.075
25920
213.315
25950
213.554
25980
213.792
26010
214.028
26040
214.262
26070
214.499
26100
214.746
26130
215.002
26160
215.266
26190
215.536
26220
215.811
26250
216.09
26280
216.372
26310
216.657
26340
216.945
26370
217.235
26400
217.526
26430
217.818
26460
218.111
26490
218.405
26520
218.697
26550
218.99
26580
219.28
26610
219.57
26640
219.857
26670
220.142
26700
220.424
26730
220.702
26760
220.977
26790
221.247
26820
221.513
26850
221.773
26880
222.029
26910
222.278
26940
222.521
26970
222.757
27000
222.987
27030
223.208
27060
223.422
27090
223.628
27120
223.826
27150
224.014
27180
224.193
27210
224.363
27240
224.523
27270
224.672
27300
224.811
27330
224.94
27360
225.057
27390
225.163
27420
225.258
27450
225.34
27480
225.411
27510
225.469
27540
225.515
27570
225.548
27600
225.568
27630
225.575
27660
225.569
27690
225.55
27720
225.523
27750
225.494
27780
225.466
27810
225.442
27840
225.423
27870
225.408
27900
225.399
27930
225.393
27960
225.392
27990
225.395
28020
225.402
28050
225.413
28080
225.427
28110
225.445
28140
225.43
28170
225.165
28200
224.808
28230
224.476
28260
224.172
28290
223.886
28320
223.613
28350
223.345
28380
223.082
28410
222.821
28440
222.562
28470
222.305
28500
222.048
28530
221.794
28560
221.54
28590
221.287
28620
221.036
28650
220.786
28680
220.537
28710
220.289
28740
220.042
28770
219.797
28800
219.552
28830
219.309
28860
219.066
28890
218.825
28920
218.584
28950
218.345
28980
218.107
29010
217.87
29040
217.634
29070
217.399
29100
217.164
29130
216.931
29160
216.699
29190
216.468
29220
216.238
29250
216.009
29280
215.781
29310
215.553
29340
215.327
29370
215.102
29400
214.878
29430
214.654
29460
214.432
29490
214.21
29520
213.989
29550
213.769
29580
213.551
29610
213.333
29640
213.116
29670
212.899
29700
212.684
29730
212.469
29760
212.256
29790
212.043
29820
211.831
29850
211.62
29880
211.41
29910
211.201
29940
210.992
29970
210.784
30000
210.577
30030
210.371
30060
210.166
30090
209.961
30120
209.758
30150
209.555
30180
209.353
30210
209.151
30240
208.951
30270
208.751
30300
208.552
30330
208.354
30360
208.156
30390
207.959
30420
207.763
30450
207.573
30480
207.459
30510
207.428
30540
207.414
30570
207.393
30600
207.362
30630
207.322
30660
207.274
30690
207.22
30720
207.159
30750
207.093
30780
207.02
30810
206.942
30840
206.857
30870
206.767
30900
206.67
30930
206.567
30960
206.461
30990
206.357
31020
206.26
31050
206.174
31080
206.1
31110
206.039
31140
205.99
31170
205.953
31200
205.929
31230
205.917
31260
205.918
31290
205.93
31320
205.954
31350
205.99
31380
206.037
31410
206.095
31440
206.164
31470
206.243
31500
206.333
31530
206.432
31560
206.542
31590
206.661
31620
206.789
31650
206.926
31680
207.071
31710
207.225
31740
207.386
31770
207.555
31800
207.731
31830
207.915
31860
208.104
31890
208.3
31920
208.502
31950
208.709
31980
208.922
32010
209.139
32040
209.36
32070
209.586
32100
209.815
32130
210.047
32160
210.282
32190
210.52
32220
210.76
32250
211.002
32280
211.244
32310
211.488
32340
211.733
32370
211.977
32400
212.221
32430
212.465
32460
212.708
32490
212.949
32520
213.183
