0
301
30
300.151
60
299.462
90
298.899
120
298.435
150
298.035
180
297.673
210
297.334
240
297.01
270
296.697
300
296.392
330
296.095
360
295.805
390
295.521
420
295.242
450
294.968
480
294.698
510
294.431
540
294.168
570
293.908
600
293.65
630
293.394
660
293.139
690
292.885
720
292.631
750
292.377
780
292.123
810
291.868
840
291.611
870
291.353
900
291.093
930
290.83
960
290.564
990
290.295
1020
290.022
1050
289.745
1080
289.464
1110
289.178
1140
288.886
1170
288.59
1200
288.287
1230
287.979
1260
287.664
1290
287.342
1320
287.014
1350
286.678
1380
286.335
1410
285.984
1440
285.626
1470
285.259
1500
284.884
1530
284.5
1560
284.107
1590
283.706
1620
283.295
1650
282.876
1680
282.452
1710
282.029
1740
281.61
1770
281.199
1800
280.795
1830
280.399
1860
280.012
1890
279.633
1920
279.262
1950
278.899
1980
278.542
2010
278.193
2040
277.851
2070
277.514
2100
277.172
2130
276.657
2160
275.987
2190
275.313
2220
274.668
2250
274.048
2280
273.445
2310
272.853
2340
272.27
2370
271.693
2400
271.122
2430
270.556
2460
269.995
2490
269.439
2520
268.888
2550
268.341
2580
267.798
2610
267.26
2640
266.726
2670
266.196
2700
265.671
2730
265.149
2760
264.632
2790
264.119
2820
263.609
2850
263.104
2880
262.603
2910
262.105
2940
261.611
2970
261.121
3000
260.634
3030
260.151
3060
259.671
3090
259.196
3120
258.723
3150
258.254
3180
257.788
3210
257.326
3240
256.867
3270
256.411
3300
255.959
3330
255.509
3360
255.063
3390
254.62
3420
254.18
3450
253.743
3480
253.309
3510
252.878
3540
252.45
3570
252.025
3600
251.602
3630
251.183
3660
250.766
3690
250.352
3720
249.941
3750
249.532
3780
249.126
3810
248.723
3840
248.322
3870
247.924
3900
247.528
3930
247.135
3960
246.744
3990
246.356
4020
245.97
4050
245.587
4080
245.206
4110
244.828
4140
244.451
4170
244.077
4200
243.706
4230
243.336
4260
242.969
4290
242.604
4320
242.241
4350
241.881
4380
241.522
4410
241.167
4440
240.862
4470
240.647
4500
240.47
4530
240.293
4560
240.11
4590
239.917
4620
239.718
4650
239.513
4680
239.303
4710
239.088
4740
238.868
4770
238.643
4800
238.412
4830
238.177
4860
237.937
4890
237.692
4920
237.444
4950
237.198
4980
236.959
5010
236.731
5040
236.515
5070
236.312
5100
236.123
5130
235.947
5160
235.784
5190
235.634
5220
235.497
5250
235.373
5280
235.262
5310
235.162
5340
235.075
5370
234.999
5400
234.934
5430
234.881
5460
234.839
5490
234.807
5520
234.785
5550
234.774
5580
234.772
5610
234.779
5640
234.796
5670
234.821
5700
234.854
5730
234.896
5760
234.945
5790
235.002
5820
235.065
5850
235.135
5880
235.212
5910
235.294
5940
235.382
5970
235.474
6000
235.572
6030
235.674
6060
235.78
6090
235.89
6120
236.002
6150
236.118
6180
236.236
6210
236.356
6240
236.478
6270
236.601
6300
236.725
6330
236.85
6360
236.974
6390
237.099
6420
237.222
6450
237.345
6480
237.467
6510
237.586
6540
237.706
6570
237.834
6600
237.972
6630
238.118
6660
238.271
6690
238.429
6720
238.592
6750
238.758
6780
238.928
6810
239.101
6840
239.276
6870
239.453
6900
239.631
6930
239.811
6960
239.99
6990
240.17
7020
240.35
7050
240.529
7080
240.706
7110
240.882
7140
241.056
7170
241.227
7200
241.395
7230
241.56
7260
241.721
7290
241.877
7320
242.03
7350
242.177
7380
242.318
7410
242.454
7440
242.584
7470
242.706
7500
242.823
7530
242.931
7560
243.032
7590
243.125
7620
243.21
7650
243.286
7680
243.353
7710
243.411
7740
243.459
7770
243.497
7800
243.525
7830
243.543
7860
243.55
7890
243.546
7920
243.53
7950
243.504
7980
243.465
8010
243.415
8040
243.353
8070
243.279
8100
243.192
8130
243.092
8160
242.981
8190
242.862
8220
242.739
8250
242.619
8280
242.502
8310
242.39
8340
242.283
8370
242.181
8400
242.085
8430
241.993
8460
241.907
8490
241.825
8520
241.747
8550
241.673
8580
241.603
8610
241.522
8640
241.26
8670
240.845
8700
240.424
8730
240.03
8760
239.657
8790
239.298
8820
238.948
8850
238.603
8880
238.262
8910
237.924
8940
237.588
8970
237.253
9000
236.921
9030
236.591
9060
236.263
9090
235.937
9120
235.612
9150
235.289
9180
234.968
9210
234.649
9240
234.331
9270
234.015
9300
233.701
9330
233.389
9360
233.078
9390
232.769
9420
232.461
9450
232.155
9480
231.851
9510
231.548
9540
231.247
9570
230.947
9600
230.649
9630
230.353
9660
230.058
9690
229.764
9720
229.472
9750
229.182
9780
228.893
9810
228.605
9840
228.319
9870
228.034
9900
227.751
9930
227.469
9960
227.189
9990
226.91
10020
226.632
10050
226.355
10080
226.08
10110
225.807
10140
225.534
10170
225.263
10200
224.993
10230
224.725
10260
224.457
10290
224.191
10320
223.927
10350
223.663
10380
223.401
10410
223.14
10440
222.88
10470
222.622
10500
222.364
10530
222.108
10560
221.853
10590
221.599
10620
221.347
10650
221.095
10680
220.845
10710
220.595
10740
220.347
10770
220.1
10800
219.854
10830
219.609
10860
219.366
10890
219.123
10920
218.883
10950
218.694
10980
218.594
11010
218.529
11040
218.464
11070
218.391
11100
218.308
11130
218.218
11160
218.121
11190
218.018
11220
217.909
11250
217.794
11280
217.674
11310
217.548
11340
217.416
11370
217.279
11400
217.135
11430
216.988
11460
216.843
11490
216.704
11520
216.575
11550
216.458
11580
216.353
11610
216.261
11640
216.181
11670
216.115
11700
216.061
11730
216.019
11760
215.989
11790
215.971
11820
215.965
11850
215.971
11880
215.987
11910
216.015
11940
216.053
11970
216.102
12000
216.161
12030
216.23
12060
216.309
12090
216.396
12120
216.493
12150
216.598
12180
216.712
12210
216.834
12240
216.964
12270
217.101
12300
217.245
12330
217.395
12360
217.552
12390
217.715
12420
217.883
12450
218.057
12480
218.236
12510
218.419
12540
218.606
12570
218.797
12600
218.991
12630
219.189
12660
219.388
12690
219.591
12720
219.794
12750
220
12780
220.206
12810
220.413
12840
220.621
12870
220.828
12900
221.035
12930
221.241
12960
221.445
12990
221.648
13020
221.849
13050
222.05
13080
222.26
13110
222.479
13140
222.706
13170
222.939
13200
223.178
13230
223.42
13260
223.667
13290
223.916
13320
224.168
13350
224.422
13380
224.678
13410
224.935
13440
225.193
13470
225.451
13500
225.709
13530
225.966
13560
226.222
13590
226.477
13620
226.73
13650
226.98
13680
227.228
13710
227.472
13740
227.713
13770
227.95
13800
228.182
13830
228.41
13860
228.632
13890
228.848
13920
229.058
13950
229.262
13980
229.459
14010
229.648
14040
229.83
14070
230.004
14100
230.17
14130
230.327
14160
230.475
14190
230.613
14220
230.742
14250
230.861
14280
230.97
14310
231.068
14340
231.156
14370
231.232
14400
231.297
14430
231.35
14460
231.392
14490
231.421
14520
231.438
14550
231.443
14580
231.435
14610
231.414
14640
231.381
14670
231.334
14700
231.28
14730
231.222
14760
231.166
14790
231.112
14820
231.064
14850
231.02
14880
230.981
14910
230.946
14940
230.917
14970
230.891
15000
230.87
15030
230.853
15060
230.839
15090
230.829
15120
230.806
15150
230.596
15180
230.237
15210
229.875
15240
229.539
15270
229.223
15300
228.921
15330
228.626
15360
228.336
15390
228.05
15420
227.766
15450
227.483
15480
227.202
15510
226.923
15540
226.645
15570
226.368
15600
226.093
15630
225.82
15660
225.547
15690
225.276
15720
225.006
15750
224.737
15780
224.47
15810
224.204
15840
223.939
15870
223.676
15900
223.413
15930
223.152
15960
222.893
15990
222.634
16020
222.377
16050
222.12
16080
221.865
16110
221.611
16140
221.359
16170
221.107
16200
220.857
16230
220.607
16260
220.359
16290
220.112
16320
219.866
16350
219.621
16380
219.377
16410
219.134
16440
218.893
16470
218.652
16500
218.413
16530
218.174
16560
217.937
16590
217.7
16620
217.465
16650
217.23
16680
216.997
16710
216.765
16740
216.533
16770
216.303
16800
216.073
16830
215.845
16860
215.618
16890
215.391
16920
215.165
16950
214.941
16980
214.717
17010
214.494
17040
214.272
17070
214.051
17100
213.831
17130
213.612
17160
213.394
17190
213.177
17220
212.96
17250
212.745
17280
212.53
17310
212.316
17340
212.103
17370
211.891
17400
211.68
17430
211.471
17460
211.316
17490
211.249
17520
211.215
17550
211.18
17580
211.136
17610
211.083
17640
211.023
17670
210.955
17700
210.882
17730
210.802
17760
210.717
17790
210.625
17820
210.528
17850
210.425
17880
210.316
17910
210.2
17940
210.081
17970
209.964
18000
209.854
18030
209.753
18060
209.664
18090
209.587
18120
209.522
18150
209.471
18180
209.431
18210
209.405
18240
209.39
18270
209.387
18300
209.397
18330
209.418
18360
209.45
18390
209.493
18420
209.547
18450
209.612
18480
209.688
18510
209.773
18540
209.868
18570
209.973
18600
210.087
18630
210.21
18660
210.341
18690
210.481
18720
210.629
18750
210.784
18780
210.947
18810
211.116
18840
211.293
18870
211.475
18900
211.664
18930
211.858
18960
212.057
18990
212.261
19020
212.47
19050
212.682
19080
212.898
19110
213.118
19140
213.341
19170
213.566
19200
213.793
19230
214.022
19260
214.252
19290
214.484
19320
214.716
19350
214.948
19380
215.181
19410
215.412
19440
215.643
19470
215.872
19500
216.1
19530
216.326
19560
216.552
19590
216.786
19620
217.03
19650
217.282
19680
217.54
19710
217.803
19740
218.071
19770
218.342
19800
218.616
19830
218.892
19860
219.171
19890
219.451
19920
219.733
19950
220.015
19980
220.297
20010
220.58
20040
220.861
20070
221.142
20100
221.421
20130
221.697
20160
221.972
20190
222.244
20220
222.512
20250
222.777
20280
223.037
20310
223.293
20340
223.545
20370
223.79
20400
224.03
20430
224.264
20460
224.491
20490
224.711
20520
224.924
20550
225.129
20580
225.327
20610
225.515
20640
225.695
20670
225.866
20700
226.028
20730
226.179
20760
226.321
20790
226.452
20820
226.573
20850
226.683
20880
226.781
20910
226.868
20940
226.944
20970
227.007
21000
227.058
21030
227.097
21060
227.124
21090
227.137
21120
227.138
21150
227.125
21180
227.1
21210
227.066
21240
227.03
21270
226.995
21300
226.963
21330
226.935
21360
226.912
21390
226.893
21420
226.88
21450
226.871
21480
226.866
21510
226.865
21540
226.868
21570
226.874
21600
226.884
21630
226.879
21660
226.681
21690
226.341
21720
225.999
21750
225.682
21780
225.385
21810
225.102
21840
224.826
21870
224.555
21900
224.287
21930
224.021
21960
223.757
21990
223.494
22020
223.232
22050
222.972
22080
222.713
22110
222.455
22140
222.198
22170
221.943
22200
221.689
22230
221.436
22260
221.184
22290
220.933
22320
220.683
22350
220.435
22380
220.187
22410
219.941
22440
219.696
22470
219.452
22500
219.208
22530
218.966
22560
218.726
22590
218.486
22620
218.247
22650
218.009
22680
217.772
22710
217.537
22740
217.302
22770
217.068
22800
216.836
22830
216.604
22860
216.373
22890
216.143
22920
215.915
22950
215.687
22980
215.46
23010
215.234
23040
215.009
23070
214.785
23100
214.562
23130
214.34
23160
214.119
23190
213.899
23220
213.679
23250
213.461
23280
213.243
23310
213.026
23340
212.81
23370
212.595
23400
212.381
23430
212.168
23460
211.956
23490
211.744
23520
211.533
23550
211.324
23580
211.115
23610
210.906
23640
210.699
23670
210.492
23700
210.287
23730
210.082
23760
209.877
23790
209.674
23820
209.471
23850
209.27
23880
209.069
23910
208.868
23940
208.671
23970
208.529
24000
208.474
24030
208.451
24060
208.427
24090
208.394
24120
208.351
24150
208.301
24180
208.244
24210
208.181
24240
208.111
24270
208.036
24300
207.955
24330
207.868
24360
207.774
24390
207.675
24420
207.57
24450
207.461
24480
207.354
24510
207.253
24540
207.163
24570
207.083
24600
207.017
24630
206.962
24660
206.921
24690
206.892
24720
206.875
24750
206.87
24780
206.877
24810
206.897
24840
206.927
24870
206.969
24900
207.022
24930
207.086
24960
207.161
24990
207.246
25020
207.341
25050
207.446
25080
207.56
25110
207.683
25140
207.816
25170
207.957
25200
208.106
25230
208.263
25260
208.428
25290
208.6
25320
208.779
25350
208.965
25380
209.157
25410
209.355
25440
209.558
25470
209.767
25500
209.98
25530
210.198
25560
210.419
25590
210.645
25620
210.874
25650
211.106
25680
211.34
25710
211.576
25740
211.814
25770
212.054
25800
212.295
25830
212.536
25860
212.777
25890
213.018
25920
213.259
25950
213.499
25980
213.737
26010
213.974
26040
214.209
26070
214.444
26100
214.688
26130
214.941
26160
215.202
26190
215.469
26220
215.742
26250
216.018
26280
216.298
26310
216.581
26340
216.867
26370
217.155
26400
217.444
26430
217.734
26460
218.025
26490
218.317
26520
218.608
26550
218.898
26580
219.188
26610
219.475
26640
219.761
26670
220.045
26700
220.325
26730
220.602
26760
220.876
26790
221.145
26820
221.41
26850
221.669
26880
221.924
26910
222.172
26940
222.415
26970
222.65
27000
222.879
27030
223.1
27060
223.314
27090
223.52
27120
223.717
27150
223.905
27180
224.084
27210
224.254
27240
224.414
27270
224.564
27300
224.703
27330
224.832
27360
224.95
27390
225.057
27420
225.152
27450
225.235
27480
225.307
27510
225.366
27540
225.412
27570
225.447
27600
225.468
27630
225.476
27660
225.471
27690
225.454
27720
225.428
27750
225.4
27780
225.372
27810
225.348
27840
225.328
27870
225.313
27900
225.303
27930
225.297
27960
225.296
27990
225.298
28020
225.305
28050
225.316
28080
225.33
28110
225.347
28140
225.346
28170
225.149
28200
224.814
28230
224.48
28260
224.171
28290
223.882
28320
223.606
28350
223.338
28380
223.074
28410
222.813
28440
222.554
28470
222.296
28500
222.04
28530
221.785
28560
221.532
28590
221.279
28620
221.028
28650
220.778
28680
220.529
28710
220.281
28740
220.034
28770
219.789
28800
219.544
28830
219.3
28860
219.058
28890
218.817
28920
218.576
28950
218.337
28980
218.099
29010
217.862
29040
217.626
29070
217.391
29100
217.157
29130
216.924
29160
216.692
29190
216.46
29220
216.23
29250
216.001
29280
215.773
29310
215.546
29340
215.32
29370
215.094
29400
214.87
29430
214.647
29460
214.424
29490
214.203
29520
213.982
29550
213.762
29580
213.543
29610
213.325
29640
213.108
29670
212.892
29700
212.677
29730
212.462
29760
212.249
29790
212.036
29820
211.824
29850
211.613
29880
211.403
29910
211.194
29940
210.985
29970
210.777
30000
210.571
30030
210.364
30060
210.159
30090
209.955
30120
209.751
30150
209.548
30180
209.346
30210
209.145
30240
208.944
30270
208.744
30300
208.545
30330
208.347
30360
208.15
30390
207.953
30420
207.757
30450
207.564
30480
207.429
30510
207.38
30540
207.362
30570
207.341
30600
207.312
30630
207.273
30660
207.226
30690
207.173
30720
207.114
30750
207.048
30780
206.977
30810
206.899
30840
206.816
30870
206.726
30900
206.631
30930
206.529
30960
206.424
30990
206.321
31020
206.224
31050
206.138
31080
206.063
31110
206
31140
205.95
31170
205.913
31200
205.888
31230
205.875
31260
205.874
31290
205.886
31320
205.909
31350
205.943
31380
205.989
31410
206.046
31440
206.114
31470
206.193
31500
206.282
31530
206.381
31560
206.489
31590
206.607
31620
206.735
31650
206.871
31680
207.016
31710
207.169
31740
207.33
31770
207.499
31800
207.674
31830
207.857
31860
208.047
31890
208.242
31920
208.444
31950
208.651
31980
208.863
32010
209.08
32040
209.302
32070
209.527
32100
209.756
32130
209.989
32160
210.224
32190
210.462
32220
210.702
32250
210.944
32280
211.187
32310
211.431
32340
211.676
32370
211.921
32400
212.165
32430
212.41
32460
212.653
32490
212.895
32520
213.129
