0
-0
31.860237844284
0
63.720475688568
0
95.580713532852
0
127.44095137714
0
159.30118922142
0
191.1614270657
0
223.02166490999
0
254.88190275427
0
286.74214059856
0
318.60237844284
0
350.46261628712
0
382.32285413141
0
414.18309197569
0
446.04332981998
0
477.90356766426
0
509.76380550854
0
541.62404335283
0
573.48428119711
0
605.3445190414
0
637.20475688568
0
669.06499472996
0
700.92523257425
0
732.78547041853
0
764.64570826282
0
796.5059461071
0
828.36618395138
0
860.22642179567
0
892.08665963995
0
923.94689748424
0
955.80713532852
0
987.6673731728
0
1019.5276110171
0
1051.3878488614
0
1083.2480867057
0
1115.1083245499
0
1146.9685623942
0
1178.8288002385
0
1210.6890380828
0
1242.5492759271
0
1274.4095137714
0
1306.2697516156
0
1338.1299894599
0
1369.9902273042
0
1401.8504651485
0
1433.7107029928
0
1465.5709408371
0
1497.4311786813
0
1529.2914165256
0
1561.1516543699
0
1593.0118922142
0
1624.8721300585
0
1656.7323679028
0
1688.5926057471
0
1720.4528435913
0
1752.3130814356
0
1784.1733192799
0
1816.0335571242
0
1847.8937949685
0
1879.7540328128
0
1911.614270657
0
1943.4745085013
0
1975.3347463456
0
2007.1949841899
0
2039.0552220342
0
2070.9154598785
0
2102.7756977227
0
2134.635935567
0
2166.4961734113
0
2198.3564112556
0
2230.2166490999
0
2262.0768869442
0
2293.9371247884
0
2325.7973626327
0
2357.657600477
0
2389.5178383213
0
2421.3780761656
0
2453.2383140099
0
2485.0985518542
0
2516.9587896984
0
2548.8190275427
0
2580.679265387
0
2612.5395032313
0
2644.3997410756
0
2676.2599789199
0
2708.1202167641
0
2739.9804546084
0
2771.8406924527
0
2803.700930297
0
2835.5611681413
0
2867.4214059856
0
2899.2816438298
0
2931.1418816741
0
2963.0021195184
0
2994.8623573627
0
3026.722595207
0
3058.5828330513
0
3090.4430708956
0
3122.3033087398
0
3154.1635465841
0
3186.0237844284
6.0562286737024E-14
3217.8840222727
5.9146838031904
3249.744260117
11.823530527555
3281.6044979613
17.720708854762
3313.4647358055
23.600398981776
3345.3249736498
29.456798364305
3377.1852114941
35.284127443212
3409.0454493384
41.076635348236
3440.9056871827
46.828605573414
3472.765925027
52.534361618577
3504.6261628712
58.188272591372
3536.4864007155
63.784758764276
3568.3466385598
69.318297081106
3600.2068764041
74.783426607617
3632.0671142484
80.174753920778
3663.9273520927
85.486958431435
3695.7875899369
90.714797635086
3727.6478277812
95.853112285601
3759.5080656255
100.89683148678
3791.3683034698
105.8409776967
3823.2285413141
110.68067163997
3855.0887791584
115.41113712297
3886.9490170027
120.02770574738
3918.8092548469
124.52582151735
3950.6694926912
128.90104533566
3982.5297305355
133.14905938463
4014.3899683798
137.26567138728
4046.2502062241
141.24681874455
4078.1104440684
145.08857254465
4109.9706819126
148.78714144041
4141.8309197569
152.33887539086
4173.6911576012
155.74026926339
4205.5513954455
158.98796629291
4237.4116332898
162.07876139454
4269.2718711341
165.00960432669
4301.1321089783
167.77760270122
4332.9923468226
170.38002483791
4364.8525846669
172.81430246032
4396.7128225112
175.07803323033
4428.5730603555
177.16898311897
4460.4332981998
179.08508861113
4492.293536044
180.82445874205
4524.1537738883
182.38537696338
4556.0140117326
183.76630283731
4587.8742495769
184.96587355671
4619.7344874212
185.98290529011
4651.5947252655
186.81639434998
4683.4549631098
187.46551818324
4715.315200954
187.92963618304
4747.1754387983
188.20829032095
4779.0356766426
188.30120559897
4810.8959144869
188.20829032095
4842.7561523312
187.92963618304
4874.6163901755
187.46551818324
4906.4766280197
186.81639434998
4938.336865864
185.98290529011
4970.1971037083
184.96587355671
5002.0573415526
183.76630283731
5033.9175793969
182.38537696338
5065.7778172412
180.82445874205
5097.6380550854
179.08508861113
5129.4982929297
177.16898311897
5161.358530774
175.07803323033
5193.2187686183
172.81430246032
5225.0790064626
170.38002483791
5256.9392443069
167.77760270122
5288.7994821511
165.00960432669
5320.6597199954
162.07876139454
5352.5199578397
158.98796629291
5384.380195684
155.74026926339
5416.2404335283
152.33887539086
5448.1006713726
148.78714144041
5479.9609092169
145.08857254465
5511.8211470611
141.24681874455
5543.6813849054
137.26567138728
5575.5416227497
133.14905938463
5607.401860594
128.90104533566
5639.2620984383
124.52582151735
5671.1223362826
120.02770574738
5702.9825741268
115.41113712297
5734.8428119711
110.68067163997
5766.7030498154
105.8409776967
5798.5632876597
100.89683148678
5830.423525504
95.853112285601
5862.2837633483
90.714797635086
5894.1440011925
85.486958431435
5926.0042390368
80.174753920778
5957.8644768811
74.783426607616
5989.7247147254
69.318297081106
6021.5849525697
63.784758764276
6053.445190414
58.188272591372
6085.3054282582
52.534361618576
6117.1656661025
46.828605573414
6149.0259039468
41.076635348236
6180.8861417911
35.284127443211
6212.7463796354
29.456798364305
6244.6066174797
23.600398981775
6276.466855324
17.720708854762
6308.3270931682
11.823530527555
6340.1873310125
5.9146838031901
6372.0475688568
0
6403.9078067011
0
6435.7680445454
0
6467.6282823897
0
6499.4885202339
0
6531.3487580782
0
6563.2089959225
0
6595.0692337668
0
6626.9294716111
0
6658.7897094554
0
6690.6499472996
0
6722.5101851439
0
6754.3704229882
0
6786.2306608325
0
6818.0908986768
0
6849.9511365211
0
6881.8113743653
0
6913.6716122096
0
6945.5318500539
0
6977.3920878982
0
7009.2523257425
0
7041.1125635868
0
7072.9728014311
0
7104.8330392753
0
7136.6932771196
0
7168.5535149639
0
7200.4137528082
0
7232.2739906525
0
7264.1342284968
0
7295.994466341
0
7327.8547041853
0
7359.7149420296
0
7391.5751798739
0
7423.4354177182
0
7455.2956555625
0
7487.1558934067
0
7519.016131251
0
7550.8763690953
0
7582.7366069396
0
7614.5968447839
0
7646.4570826282
0
7678.3173204724
0
7710.1775583167
0
7742.037796161
0
7773.8980340053
0
7805.7582718496
0
7837.6185096939
0
7869.4787475382
0
7901.3389853824
0
7933.1992232267
0
7965.059461071
0
7996.9196989153
0
8028.7799367596
0
8060.6401746039
0
8092.5004124481
0
8124.3606502924
0
8156.2208881367
0
8188.081125981
0
8219.9413638253
0
8251.8016016696
0
8283.6618395138
0
8315.5220773581
0
8347.3823152024
0
8379.2425530467
0
8411.102790891
0
8442.9630287353
0
8474.8232665795
0
8506.6835044238
0
8538.5437422681
0
8570.4039801124
0
8602.2642179567
0
8634.124455801
0
8665.9846936453
0
8697.8449314895
0
8729.7051693338
0
8761.5654071781
0
8793.4256450224
0
8825.2858828667
0
8857.146120711
0
8889.0063585552
0
8920.8665963995
0
8952.7268342438
0
8984.5870720881
0
9016.4473099324
0
9048.3075477767
0
9080.1677856209
0
9112.0280234652
0
9143.8882613095
0
9175.7484991538
0
9207.6087369981
0
9239.4689748424
0
9271.3292126867
0
9303.1894505309
0
9335.0496883752
0
9366.9099262195
0
9398.7701640638
0
9430.6304019081
0
9462.4906397524
0
9494.3508775966
0
9526.2111154409
0
9558.0713532852
2.6530939381933E-13
9589.9315911295
5.9146838031905
9621.7918289738
11.823530527555
9653.6520668181
17.720708854762
9685.5123046623
23.600398981776
9717.3725425066
29.456798364305
9749.2327803509
35.284127443212
9781.0930181952
41.076635348236
9812.9532560395
46.828605573414
9844.8134938838
52.534361618577
9876.673731728
58.188272591372
9908.5339695723
63.784758764276
9940.3942074166
69.318297081106
9972.2544452609
74.783426607617
10004.114683105
80.174753920778
10035.974920949
85.486958431435
10067.835158794
90.714797635086
10099.695396638
95.853112285601
10131.555634482
100.89683148678
10163.415872327
105.8409776967
10195.276110171
110.68067163997
10227.136348015
115.41113712297
10258.996585859
120.02770574738
10290.856823704
124.52582151735
10322.717061548
128.90104533566
10354.577299392
133.14905938463
10386.437537237
137.26567138728
10418.297775081
141.24681874455
10450.158012925
145.08857254465
10482.018250769
148.78714144041
10513.878488614
152.33887539086
10545.738726458
155.74026926339
10577.598964302
158.98796629291
10609.459202147
162.07876139454
10641.319439991
165.00960432669
10673.179677835
167.77760270122
10705.039915679
170.38002483791
10736.900153524
172.81430246032
10768.760391368
175.07803323033
10800.620629212
177.16898311897
10832.480867057
179.08508861113
10864.341104901
180.82445874205
10896.201342745
182.38537696338
10928.061580589
183.76630283731
10959.921818434
184.96587355671
10991.782056278
185.98290529011
11023.642294122
186.81639434998
11055.502531967
187.46551818324
11087.362769811
187.92963618304
11119.223007655
188.20829032095
11151.083245499
188.30120559897
11182.943483344
188.20829032095
11214.803721188
187.92963618304
11246.663959032
187.46551818324
11278.524196877
186.81639434998
11310.384434721
185.98290529011
11342.244672565
184.96587355671
11374.104910409
183.76630283731
11405.965148254
182.38537696338
11437.825386098
180.82445874205
11469.685623942
179.08508861113
11501.545861787
177.16898311897
11533.406099631
175.07803323033
11565.266337475
172.81430246032
11597.126575319
170.38002483791
11628.986813164
167.77760270122
11660.847051008
165.00960432669
11692.707288852
162.07876139454
11724.567526697
158.98796629291
11756.427764541
155.74026926339
11788.288002385
152.33887539086
11820.148240229
148.78714144041
11852.008478074
145.08857254465
11883.868715918
141.24681874455
11915.728953762
137.26567138728
11947.589191607
133.14905938463
11979.449429451
128.90104533566
12011.309667295
124.52582151735
12043.169905139
120.02770574738
12075.030142984
115.41113712297
12106.890380828
110.68067163997
12138.750618672
105.8409776967
12170.610856516
100.89683148678
12202.471094361
95.8531122856
12234.331332205
90.714797635085
12266.191570049
85.486958431435
12298.051807894
80.174753920778
12329.912045738
74.783426607617
12361.772283582
69.318297081106
12393.632521426
63.784758764275
12425.492759271
58.188272591372
12457.352997115
52.534361618577
12489.213234959
46.828605573413
12521.073472804
41.076635348236
12552.933710648
35.284127443211
12584.793948492
29.456798364305
12616.654186336
23.600398981775
12648.514424181
17.720708854762
12680.374662025
11.823530527555
12712.234899869
5.9146838031904
12744.095137714
0
12775.955375558
0
12807.815613402
0
12839.675851246
0
12871.536089091
0
12903.396326935
0
12935.256564779
0
12967.116802624
0
12998.977040468
0
13030.837278312
0
13062.697516156
0
13094.557754001
0
13126.417991845
0
13158.278229689
0
13190.138467534
0
13221.998705378
0
13253.858943222
0
13285.719181066
0
13317.579418911
0
13349.439656755
0
13381.299894599
0
13413.160132444
0
13445.020370288
0
13476.880608132
0
13508.740845976
0
13540.601083821
0
13572.461321665
0
13604.321559509
0
13636.181797354
0
13668.042035198
0
13699.902273042
0
13731.762510886
0
13763.622748731
0
13795.482986575
0
13827.343224419
0
13859.203462264
0
13891.063700108
0
13922.923937952
0
13954.784175796
0
13986.644413641
0
14018.504651485
0
14050.364889329
0
14082.225127174
0
14114.085365018
0
14145.945602862
0
14177.805840706
0
14209.666078551
0
14241.526316395
0
14273.386554239
0
14305.246792084
0
14337.107029928
0
14368.967267772
0
14400.827505616
0
14432.687743461
0
14464.547981305
0
14496.408219149
0
14528.268456994
0
14560.128694838
0
14591.988932682
0
14623.849170526
0
14655.709408371
0
14687.569646215
0
14719.429884059
0
14751.290121904
0
14783.150359748
0
14815.010597592
0
14846.870835436
0
14878.731073281
0
14910.591311125
0
14942.451548969
0
14974.311786813
0
15006.172024658
0
15038.032262502
0
15069.892500346
0
15101.752738191
0
15133.612976035
0
15165.473213879
0
15197.333451723
0
15229.193689568
0
15261.053927412
0
15292.914165256
0
15324.774403101
0
15356.634640945
0
15388.494878789
0
15420.355116633
0
15452.215354478
0
15484.075592322
0
15515.935830166
0
15547.796068011
0
15579.656305855
0
15611.516543699
0
15643.376781543
0
15675.237019388
0
15707.097257232
0
15738.957495076
0
15770.817732921
0
15802.677970765
0
15834.538208609
0
15866.398446453
0
15898.258684298
0
15930.118922142
2.1918890007686E-13
15961.979159986
5.9146838031902
15993.839397831
11.823530527556
16025.699635675
17.720708854762
16057.559873519
23.600398981776
16089.420111363
29.456798364305
16121.280349208
35.284127443212
16153.140587052
41.076635348236
16185.000824896
46.828605573414
16216.861062741
52.534361618577
16248.721300585
58.188272591372
16280.581538429
63.784758764276
16312.441776273
69.318297081106
16344.302014118
74.783426607617
16376.162251962
80.174753920778
16408.022489806
85.486958431435
16439.882727651
90.714797635086
16471.742965495
95.853112285601
16503.603203339
100.89683148678
16535.463441183
105.8409776967
16567.323679028
110.68067163997
16599.183916872
115.41113712297
16631.044154716
120.02770574738
16662.904392561
124.52582151735
16694.764630405
128.90104533566
16726.624868249
133.14905938463
16758.485106093
137.26567138728
16790.345343938
141.24681874455
16822.205581782
145.08857254465
16854.065819626
148.78714144041
16885.926057471
152.33887539086
16917.786295315
155.74026926339
16949.646533159
158.98796629291
16981.506771003
162.07876139454
17013.367008848
165.00960432669
17045.227246692
167.77760270122
17077.087484536
170.38002483791
17108.947722381
172.81430246032
17140.807960225
175.07803323033
17172.668198069
177.16898311897
17204.528435913
179.08508861113
17236.388673758
180.82445874205
17268.248911602
182.38537696338
17300.109149446
183.76630283731
17331.969387291
184.96587355671
17363.829625135
185.98290529011
17395.689862979
186.81639434998
17427.550100823
187.46551818324
17459.410338668
187.92963618304
17491.270576512
188.20829032095
17523.130814356
188.30120559897
17554.9910522
188.20829032095
17586.851290045
187.92963618304
17618.711527889
187.46551818324
17650.571765733
186.81639434998
17682.432003578
185.98290529011
17714.292241422
184.96587355671
17746.152479266
183.76630283731
17778.01271711
182.38537696338
17809.872954955
180.82445874205
17841.733192799
179.08508861113
17873.593430643
177.16898311897
17905.453668488
175.07803323033
17937.313906332
172.81430246032
17969.174144176
170.38002483791
18001.03438202
167.77760270122
18032.894619865
165.00960432669
18064.754857709
162.07876139454
18096.615095553
158.98796629291
18128.475333398
155.74026926339
18160.335571242
152.33887539086
18192.195809086
148.78714144041
18224.05604693
145.08857254465
18255.916284775
141.24681874455
18287.776522619
137.26567138728
18319.636760463
133.14905938463
18351.496998308
128.90104533566
18383.357236152
124.52582151735
18415.217473996
120.02770574738
18447.07771184
115.41113712297
18478.937949685
110.68067163997
18510.798187529
105.8409776967
18542.658425373
100.89683148678
18574.518663218
95.853112285601
18606.378901062
90.714797635085
18638.239138906
85.486958431435
18670.09937675
80.174753920778
18701.959614595
74.783426607616
18733.819852439
69.318297081106
18765.680090283
63.784758764276
18797.540328128
58.188272591372
18829.400565972
52.534361618576
18861.260803816
46.828605573413
18893.12104166
41.076635348236
18924.981279505
35.284127443211
18956.841517349
29.456798364305
18988.701755193
23.600398981775
19020.561993038
17.720708854761
19052.422230882
11.823530527555
19084.282468726
5.9146838031901
19116.14270657
0
19148.002944415
0
19179.863182259
0
19211.723420103
0
19243.583657948
0
19275.443895792
0
19307.304133636
0
19339.16437148
0
19371.024609325
0
19402.884847169
0
19434.745085013
0
19466.605322858
0
19498.465560702
0
19530.325798546
0
19562.18603639
0
19594.046274235
0
19625.906512079
0
19657.766749923
0
19689.626987768
0
19721.487225612
0
19753.347463456
0
19785.2077013
0
19817.067939145
0
19848.928176989
0
19880.788414833
0
19912.648652678
0
19944.508890522
0
19976.369128366
0
20008.22936621
0
20040.089604055
0
20071.949841899
0
20103.810079743
0
20135.670317588
0
20167.530555432
0
20199.390793276
0
20231.25103112
0
20263.111268965
0
20294.971506809
0
20326.831744653
0
20358.691982497
0
20390.552220342
0
20422.412458186
0
20454.27269603
0
20486.132933875
0
20517.993171719
0
20549.853409563
0
20581.713647407
0
20613.573885252
0
20645.434123096
0
20677.29436094
0
20709.154598785
0
20741.014836629
0
20772.875074473
0
20804.735312317
0
20836.595550162
0
20868.455788006
0
20900.31602585
0
20932.176263695
0
20964.036501539
0
20995.896739383
0
21027.756977227
0
21059.617215072
0
21091.477452916
0
21123.33769076
0
21155.197928605
0
21187.058166449
0
21218.918404293
0
21250.778642137
0
21282.638879982
0
21314.499117826
0
21346.35935567
0
21378.219593515
0
21410.079831359
0
21441.940069203
0
21473.800307047
0
21505.660544892
0
21537.520782736
0
21569.38102058
0
21601.241258425
0
21633.101496269
0
21664.961734113
0
21696.821971957
0
21728.682209802
0
21760.542447646
0
21792.40268549
0
21824.262923335
0
21856.123161179
0
21887.983399023
0
21919.843636867
0
21951.703874712
0
21983.564112556
0
22015.4243504
0
22047.284588245
0
22079.144826089
0
22111.005063933
0
22142.865301777
0
22174.725539622
0
22206.585777466
0
22238.44601531
0
22270.306253155
0
22302.166490999
5.0755854076743E-13
22334.026728843
5.9146838031898
22365.886966687
11.823530527555
22397.747204532
17.720708854762
22429.607442376
23.600398981777
22461.46768022
29.456798364306
22493.327918065
35.284127443212
22525.188155909
41.076635348236
22557.048393753
46.828605573414
22588.908631597
52.534361618576
22620.768869442
58.188272591372
22652.629107286
63.784758764276
22684.48934513
69.318297081106
22716.349582975
74.783426607616
22748.209820819
80.174753920778
22780.070058663
85.486958431435
22811.930296507
90.714797635085
22843.790534352
95.8531122856
22875.650772196
100.89683148678
22907.51101004
105.8409776967
22939.371247884
110.68067163997
22971.231485729
115.41113712297
23003.091723573
120.02770574738
23034.951961417
124.52582151735
23066.812199262
128.90104533566
23098.672437106
133.14905938463
23130.53267495
137.26567138728
23162.392912794
141.24681874455
23194.253150639
145.08857254465
23226.113388483
148.78714144041
23257.973626327
152.33887539086
23289.833864172
155.74026926339
23321.694102016
158.98796629291
23353.55433986
162.07876139454
23385.414577704
165.00960432669
23417.274815549
167.77760270122
23449.135053393
170.38002483791
23480.995291237
172.81430246032
23512.855529082
175.07803323033
23544.715766926
177.16898311897
23576.57600477
179.08508861113
23608.436242614
180.82445874205
23640.296480459
182.38537696338
23672.156718303
183.76630283731
23704.016956147
184.96587355671
23735.877193992
185.98290529011
23767.737431836
186.81639434998
23799.59766968
187.46551818324
23831.457907524
187.92963618304
23863.318145369
188.20829032095
23895.178383213
188.30120559897
23927.038621057
188.20829032095
23958.898858902
187.92963618304
23990.759096746
187.46551818324
24022.61933459
186.81639434998
24054.479572434
185.98290529011
24086.339810279
184.96587355671
24118.200048123
183.76630283731
24150.060285967
182.38537696338
24181.920523812
180.82445874205
24213.780761656
179.08508861113
24245.6409995
177.16898311896
24277.501237344
175.07803323033
24309.361475189
172.81430246032
24341.221713033
170.38002483791
24373.081950877
167.77760270122
24404.942188722
165.00960432669
24436.802426566
162.07876139454
24468.66266441
158.98796629291
24500.522902254
155.74026926339
24532.383140099
152.33887539086
24564.243377943
148.78714144041
24596.103615787
145.08857254465
24627.963853632
141.24681874455
24659.824091476
137.26567138728
24691.68432932
133.14905938463
24723.544567164
128.90104533566
24755.404805009
124.52582151735
24787.265042853
120.02770574738
24819.125280697
115.41113712297
24850.985518542
110.68067163997
24882.845756386
105.8409776967
24914.70599423
100.89683148678
24946.566232074
95.853112285601
24978.426469919
90.714797635085
25010.286707763
85.486958431434
25042.146945607
80.174753920778
25074.007183452
74.783426607617
25105.867421296
69.318297081106
25137.72765914
63.784758764276
25169.587896984
58.188272591372
25201.448134829
52.534361618576
25233.308372673
46.828605573413
25265.168610517
41.076635348235
25297.028848362
35.284127443212
25328.889086206
29.456798364305
25360.74932405
23.600398981775
25392.609561894
17.720708854761
25424.469799739
11.823530527555
25456.330037583
5.9146838031901
25488.190275427
0
25520.050513271
0
25551.910751116
0
25583.77098896
0
25615.631226804
0
25647.491464649
0
25679.351702493
0
25711.211940337
0
25743.072178181
0
25774.932416026
0
25806.79265387
0
25838.652891714
0
25870.513129559
0
25902.373367403
0
25934.233605247
0
25966.093843091
0
25997.954080936
0
26029.81431878
0
26061.674556624
0
26093.534794469
0
26125.395032313
0
26157.255270157
0
26189.115508001
0
26220.975745846
0
26252.83598369
0
26284.696221534
0
26316.556459379
0
26348.416697223
0
26380.276935067
0
26412.137172911
0
26443.997410756
0
26475.8576486
0
26507.717886444
0
26539.578124289
0
26571.438362133
0
26603.298599977
0
26635.158837821
0
26667.019075666
0
26698.87931351
0
26730.739551354
0
26762.599789199
0
26794.460027043
0
26826.320264887
0
26858.180502731
0
26890.040740576
0
26921.90097842
0
26953.761216264
0
26985.621454109
0
27017.481691953
0
27049.341929797
0
27081.202167641
0
27113.062405486
0
27144.92264333
0
27176.782881174
0
27208.643119019
0
27240.503356863
0
27272.363594707
0
27304.223832551
0
27336.084070396
0
27367.94430824
0
27399.804546084
0
27431.664783929
0
27463.525021773
0
27495.385259617
0
27527.245497461
0
27559.105735306
0
27590.96597315
0
27622.826210994
0
27654.686448839
0
27686.546686683
0
27718.406924527
0
27750.267162371
0
27782.127400216
0
27813.98763806
0
27845.847875904
0
27877.708113749
0
27909.568351593
0
27941.428589437
0
27973.288827281
0
28005.149065126
0
28037.00930297
0
28068.869540814
0
28100.729778659
0
28132.590016503
0
28164.450254347
0
28196.310492191
0
28228.170730036
0
28260.03096788
0
28291.891205724
0
28323.751443568
0
28355.611681413
0
28387.471919257
0
28419.332157101
0
28451.192394946
0
28483.05263279
0
28514.912870634
0
28546.773108478
0
28578.633346323
0
28610.493584167
0
28642.353822011
0
28674.214059856
4.6143804702495E-13
28706.0742977
5.9146838031904
28737.934535544
11.823530527555
28769.794773388
17.720708854762
28801.655011233
23.600398981777
28833.515249077
29.456798364306
28865.375486921
35.284127443212
28897.235724766
41.076635348236
28929.09596261
46.828605573414
28960.956200454
52.534361618576
28992.816438298
58.188272591372
29024.676676143
63.784758764276
29056.536913987
69.318297081106
29088.397151831
74.783426607616
29120.257389676
80.174753920778
29152.11762752
85.486958431435
29183.977865364
90.714797635085
29215.838103208
95.8531122856
29247.698341053
100.89683148678
29279.558578897
105.8409776967
29311.418816741
110.68067163997
29343.279054586
115.41113712297
29375.13929243
120.02770574738
29406.999530274
124.52582151735
29438.859768118
128.90104533566
29470.720005963
133.14905938463
29502.580243807
137.26567138728
29534.440481651
141.24681874455
29566.300719496
145.08857254465
29598.16095734
148.78714144041
29630.021195184
152.33887539086
29661.881433028
155.74026926339
29693.741670873
158.98796629291
29725.601908717
162.07876139454
29757.462146561
165.00960432669
29789.322384406
167.77760270122
29821.18262225
170.38002483791
29853.042860094
172.81430246032
29884.903097938
175.07803323033
29916.763335783
177.16898311897
29948.623573627
179.08508861113
29980.483811471
180.82445874205
30012.344049316
182.38537696338
30044.20428716
183.76630283731
30076.064525004
184.96587355671
30107.924762848
185.98290529011
30139.785000693
186.81639434998
30171.645238537
187.46551818324
30203.505476381
187.92963618304
30235.365714226
188.20829032095
30267.22595207
188.30120559897
30299.086189914
188.20829032095
30330.946427758
187.92963618304
30362.806665603
187.46551818324
30394.666903447
186.81639434998
30426.527141291
185.98290529011
30458.387379136
184.96587355671
30490.24761698
183.76630283731
30522.107854824
182.38537696338
30553.968092668
180.82445874205
30585.828330513
179.08508861113
30617.688568357
177.16898311896
30649.548806201
175.07803323033
30681.409044046
172.81430246032
30713.26928189
170.38002483791
30745.129519734
167.77760270122
30776.989757578
165.00960432669
30808.849995423
162.07876139454
30840.710233267
158.98796629291
30872.570471111
155.74026926339
30904.430708955
152.33887539086
30936.2909468
148.78714144041
30968.151184644
145.08857254465
31000.011422488
141.24681874455
31031.871660333
137.26567138728
31063.731898177
133.14905938463
31095.592136021
128.90104533566
31127.452373865
124.52582151735
31159.31261171
120.02770574738
31191.172849554
115.41113712297
31223.033087398
110.68067163997
31254.893325243
105.8409776967
31286.753563087
100.89683148678
31318.613800931
95.853112285601
31350.474038775
90.714797635085
31382.33427662
85.486958431434
31414.194514464
80.174753920778
31446.054752308
74.783426607617
31477.914990153
69.318297081106
31509.775227997
63.784758764275
31541.635465841
58.188272591372
31573.495703685
52.534361618576
31605.35594153
46.828605573413
31637.216179374
41.076635348235
31669.076417218
35.284127443212
31700.936655063
29.456798364305
31732.796892907
23.600398981775
31764.657130751
17.720708854761
31796.517368595
11.823530527555
31828.37760644
5.9146838031902
