0
-0
1.8000015203962
0
3.6000030407925
0
5.4000045611887
0
7.200006081585
0
9.0000076019812
0
10.800009122377
0
12.600010642774
0
14.40001216317
0
16.200013683566
0
18.000015203962
0
19.800016724359
0
21.600018244755
0
23.400019765151
0
25.200021285547
0
27.000022805944
0
28.80002432634
0
30.600025846736
0
32.400027367132
0
34.200028887529
0
36.000030407925
0
37.800031928321
0
39.600033448717
0
41.400034969114
0
43.20003648951
0
45.000038009906
0
46.800039530302
0
48.600041050699
0
50.400042571095
0
52.200044091491
0
54.000045611887
0
55.800047132283
0
57.60004865268
0
59.400050173076
0
61.200051693472
0
63.000053213868
0
64.800054734265
0
66.600056254661
0
68.400057775057
0
70.200059295453
0
72.00006081585
0
73.800062336246
0
75.600063856642
0
77.400065377038
0
79.200066897435
0
81.000068417831
0
82.800069938227
0
84.600071458623
0
86.40007297902
0
88.200074499416
0
90.000076019812
0
91.800077540208
0
93.600079060605
0
95.400080581001
0
97.200082101397
0
99.000083621793
0
100.80008514219
0
102.60008666259
0
104.40008818298
0
106.20008970338
0
108.00009122377
0
109.80009274417
0
111.60009426457
0
113.40009578496
0
115.20009730536
0
117.00009882576
0
118.80010034615
0
120.60010186655
0
122.40010338694
0
124.20010490734
0
126.00010642774
0
127.80010794813
0
129.60010946853
0
131.40011098893
0
133.20011250932
0
135.00011402972
0
136.80011555011
0
138.60011707051
0
140.40011859091
0
142.2001201113
0
144.0001216317
0
145.8001231521
0
147.60012467249
0
149.40012619289
0
151.20012771328
0
153.00012923368
0
154.80013075408
0
156.60013227447
0
158.40013379487
0
160.20013531527
0
162.00013683566
0
163.80013835606
0
165.60013987645
0
167.40014139685
0
169.20014291725
0
171.00014443764
0
172.80014595804
0
174.60014747844
0
176.40014899883
0
178.20015051923
0
180.00015203962
6.0562286737024E-14
181.80015356002
5.9146838031904
183.60015508042
11.823530527555
185.40015660081
17.720708854762
187.20015812121
23.600398981776
189.00015964161
29.456798364305
190.800161162
35.284127443212
192.6001626824
41.076635348236
194.40016420279
46.828605573414
196.20016572319
52.534361618577
198.00016724359
58.188272591372
199.80016876398
63.784758764276
201.60017028438
69.318297081106
203.40017180478
74.783426607617
205.20017332517
80.174753920778
207.00017484557
85.486958431435
208.80017636596
90.714797635086
210.60017788636
95.853112285601
212.40017940676
100.89683148678
214.20018092715
105.8409776967
216.00018244755
110.68067163997
217.80018396795
115.41113712297
219.60018548834
120.02770574738
221.40018700874
124.52582151735
223.20018852913
128.90104533566
225.00019004953
133.14905938463
226.80019156993
137.26567138728
228.60019309032
141.24681874455
230.40019461072
145.08857254465
232.20019613112
148.78714144041
234.00019765151
152.33887539086
235.80019917191
155.74026926339
237.6002006923
158.98796629291
239.4002022127
162.07876139454
241.2002037331
165.00960432669
243.00020525349
167.77760270122
244.80020677389
170.38002483791
246.60020829429
172.81430246032
248.40020981468
175.07803323033
250.20021133508
177.16898311897
252.00021285547
179.08508861113
253.80021437587
180.82445874205
255.60021589627
182.38537696338
257.40021741666
183.76630283731
259.20021893706
184.96587355671
261.00022045746
185.98290529011
262.80022197785
186.81639434998
264.60022349825
187.46551818324
266.40022501864
187.92963618304
268.20022653904
188.20829032095
270.00022805944
188.30120559897
271.80022957983
188.20829032095
273.60023110023
187.92963618304
275.40023262062
187.46551818324
277.20023414102
186.81639434998
279.00023566142
185.98290529011
280.80023718181
184.96587355671
282.60023870221
183.76630283731
284.40024022261
182.38537696338
286.200241743
180.82445874205
288.0002432634
179.08508861113
289.80024478379
177.16898311897
291.60024630419
175.07803323033
293.40024782459
172.81430246032
295.20024934498
170.38002483791
297.00025086538
167.77760270122
298.80025238578
165.00960432669
300.60025390617
162.07876139454
302.40025542657
158.98796629291
304.20025694696
155.74026926339
306.00025846736
152.33887539086
307.80025998776
148.78714144041
309.60026150815
145.08857254465
311.40026302855
141.24681874455
313.20026454895
137.26567138728
315.00026606934
133.14905938463
316.80026758974
128.90104533566
318.60026911013
124.52582151735
320.40027063053
120.02770574738
322.20027215093
115.41113712297
324.00027367132
110.68067163997
325.80027519172
105.8409776967
327.60027671212
100.89683148678
329.40027823251
95.853112285601
331.20027975291
90.714797635086
333.0002812733
85.486958431435
334.8002827937
80.174753920778
336.6002843141
74.783426607616
338.40028583449
69.318297081106
340.20028735489
63.784758764276
342.00028887529
58.188272591372
343.80029039568
52.534361618576
345.60029191608
46.828605573414
347.40029343647
41.076635348236
349.20029495687
35.284127443211
351.00029647727
29.456798364305
352.80029799766
23.600398981775
354.60029951806
17.720708854762
356.40030103846
11.823530527555
358.20030255885
5.9146838031901
360.00030407925
0
361.80030559964
0
363.60030712004
0
365.40030864044
0
367.20031016083
0
369.00031168123
0
370.80031320163
0
372.60031472202
0
374.40031624242
0
376.20031776281
0
378.00031928321
0
379.80032080361
0
381.600322324
0
383.4003238444
0
385.2003253648
0
387.00032688519
0
388.80032840559
0
390.60032992598
0
392.40033144638
0
394.20033296678
0
396.00033448717
0
397.80033600757
0
399.60033752797
0
401.40033904836
0
403.20034056876
0
405.00034208915
0
406.80034360955
0
408.60034512995
0
410.40034665034
0
412.20034817074
0
414.00034969114
0
415.80035121153
0
417.60035273193
0
419.40035425232
0
421.20035577272
0
423.00035729312
0
424.80035881351
0
426.60036033391
0
428.40036185431
0
430.2003633747
0
432.0003648951
0
433.80036641549
0
435.60036793589
0
437.40036945629
0
439.20037097668
0
441.00037249708
0
442.80037401748
0
444.60037553787
0
446.40037705827
0
448.20037857866
0
450.00038009906
0
451.80038161946
0
453.60038313985
0
455.40038466025
0
457.20038618065
0
459.00038770104
0
460.80038922144
0
462.60039074183
0
464.40039226223
0
466.20039378263
0
468.00039530302
0
469.80039682342
0
471.60039834382
0
473.40039986421
0
475.20040138461
0
477.000402905
0
478.8004044254
0
480.6004059458
0
482.40040746619
0
484.20040898659
0
486.00041050699
0
487.80041202738
0
489.60041354778
0
491.40041506817
0
493.20041658857
0
495.00041810897
0
496.80041962936
0
498.60042114976
0
500.40042267016
0
502.20042419055
0
504.00042571095
0
505.80042723134
0
507.60042875174
0
509.40043027214
0
511.20043179253
0
513.00043331293
0
514.80043483332
0
516.60043635372
0
518.40043787412
0
520.20043939451
0
522.00044091491
0
523.80044243531
0
525.6004439557
0
527.4004454761
0
529.20044699649
0
531.00044851689
0
532.80045003729
0
534.60045155768
0
536.40045307808
0
538.20045459848
0
540.00045611887
2.6530939381933E-13
541.80045763927
5.9146838031905
543.60045915966
11.823530527555
545.40046068006
17.720708854762
547.20046220046
23.600398981776
549.00046372085
29.456798364305
550.80046524125
35.284127443212
552.60046676165
41.076635348236
554.40046828204
46.828605573414
556.20046980244
52.534361618577
558.00047132283
58.188272591372
559.80047284323
63.784758764276
561.60047436363
69.318297081106
563.40047588402
74.783426607617
565.20047740442
80.174753920778
567.00047892482
85.486958431435
568.80048044521
90.714797635086
570.60048196561
95.853112285601
572.400483486
100.89683148678
574.2004850064
105.8409776967
576.0004865268
110.68067163997
577.80048804719
115.41113712297
579.60048956759
120.02770574738
581.40049108799
124.52582151735
583.20049260838
128.90104533566
585.00049412878
133.14905938463
586.80049564917
137.26567138728
588.60049716957
141.24681874455
590.40049868997
145.08857254465
592.20050021036
148.78714144041
594.00050173076
152.33887539086
595.80050325116
155.74026926339
597.60050477155
158.98796629291
599.40050629195
162.07876139454
601.20050781234
165.00960432669
603.00050933274
167.77760270122
604.80051085314
170.38002483791
606.60051237353
172.81430246032
608.40051389393
175.07803323033
610.20051541433
177.16898311897
612.00051693472
179.08508861113
613.80051845512
180.82445874205
615.60051997551
182.38537696338
617.40052149591
183.76630283731
619.20052301631
184.96587355671
621.0005245367
185.98290529011
622.8005260571
186.81639434998
624.6005275775
187.46551818324
626.40052909789
187.92963618304
628.20053061829
188.20829032095
630.00053213868
188.30120559897
631.80053365908
188.20829032095
633.60053517948
187.92963618304
635.40053669987
187.46551818324
637.20053822027
186.81639434998
639.00053974067
185.98290529011
640.80054126106
184.96587355671
642.60054278146
183.76630283731
644.40054430185
182.38537696338
646.20054582225
180.82445874205
648.00054734265
179.08508861113
649.80054886304
177.16898311897
651.60055038344
175.07803323033
653.40055190384
172.81430246032
655.20055342423
170.38002483791
657.00055494463
167.77760270122
658.80055646502
165.00960432669
660.60055798542
162.07876139454
662.40055950582
158.98796629291
664.20056102621
155.74026926339
666.00056254661
152.33887539086
667.80056406701
148.78714144041
669.6005655874
145.08857254465
671.4005671078
141.24681874455
673.20056862819
137.26567138728
675.00057014859
133.14905938463
676.80057166899
128.90104533566
678.60057318938
124.52582151735
680.40057470978
120.02770574738
682.20057623018
115.41113712297
684.00057775057
110.68067163997
685.80057927097
105.8409776967
687.60058079136
100.89683148678
689.40058231176
95.8531122856
691.20058383216
90.714797635085
693.00058535255
85.486958431435
694.80058687295
80.174753920778
696.60058839335
74.783426607617
698.40058991374
69.318297081106
700.20059143414
63.784758764275
702.00059295453
58.188272591372
703.80059447493
52.534361618577
705.60059599533
46.828605573413
707.40059751572
41.076635348236
709.20059903612
35.284127443211
711.00060055652
29.456798364305
712.80060207691
23.600398981775
714.60060359731
17.720708854762
716.4006051177
11.823530527555
718.2006066381
5.9146838031904
720.0006081585
0
721.80060967889
0
723.60061119929
0
725.40061271969
0
727.20061424008
0
729.00061576048
0
730.80061728087
0
732.60061880127
0
734.40062032167
0
736.20062184206
0
738.00062336246
0
739.80062488286
0
741.60062640325
0
743.40062792365
0
745.20062944404
0
747.00063096444
0
748.80063248484
0
750.60063400523
0
752.40063552563
0
754.20063704603
0
756.00063856642
0
757.80064008682
0
759.60064160721
0
761.40064312761
0
763.20064464801
0
765.0006461684
0
766.8006476888
0
768.6006492092
0
770.40065072959
0
772.20065224999
0
774.00065377038
0
775.80065529078
0
777.60065681118
0
779.40065833157
0
781.20065985197
0
783.00066137236
0
784.80066289276
0
786.60066441316
0
788.40066593355
0
790.20066745395
0
792.00066897435
0
793.80067049474
0
795.60067201514
0
797.40067353553
0
799.20067505593
0
801.00067657633
0
802.80067809672
0
804.60067961712
0
806.40068113752
0
808.20068265791
0
810.00068417831
0
811.8006856987
0
813.6006872191
0
815.4006887395
0
817.20069025989
0
819.00069178029
0
820.80069330069
0
822.60069482108
0
824.40069634148
0
826.20069786187
0
828.00069938227
0
829.80070090267
0
831.60070242306
0
833.40070394346
0
835.20070546386
0
837.00070698425
0
838.80070850465
0
840.60071002504
0
842.40071154544
0
844.20071306584
0
846.00071458623
0
847.80071610663
0
849.60071762703
0
851.40071914742
0
853.20072066782
0
855.00072218821
0
856.80072370861
0
858.60072522901
0
860.4007267494
0
862.2007282698
0
864.0007297902
0
865.80073131059
0
867.60073283099
0
869.40073435138
0
871.20073587178
0
873.00073739218
0
874.80073891257
0
876.60074043297
0
878.40074195337
0
880.20074347376
0
882.00074499416
0
883.80074651455
0
885.60074803495
0
887.40074955535
0
889.20075107574
0
891.00075259614
0
892.80075411654
0
894.60075563693
0
896.40075715733
0
898.20075867772
0
900.00076019812
2.1918890007686E-13
901.80076171852
5.9146838031902
903.60076323891
11.823530527556
905.40076475931
17.720708854762
907.20076627971
23.600398981776
909.0007678001
29.456798364305
910.8007693205
35.284127443212
912.60077084089
41.076635348236
914.40077236129
46.828605573414
916.20077388169
52.534361618577
918.00077540208
58.188272591372
919.80077692248
63.784758764276
921.60077844288
69.318297081106
923.40077996327
74.783426607617
925.20078148367
80.174753920778
927.00078300406
85.486958431435
928.80078452446
90.714797635086
930.60078604486
95.853112285601
932.40078756525
100.89683148678
934.20078908565
105.8409776967
936.00079060605
110.68067163997
937.80079212644
115.41113712297
939.60079364684
120.02770574738
941.40079516723
124.52582151735
943.20079668763
128.90104533566
945.00079820803
133.14905938463
946.80079972842
137.26567138728
948.60080124882
141.24681874455
950.40080276922
145.08857254465
952.20080428961
148.78714144041
954.00080581001
152.33887539086
955.8008073304
155.74026926339
957.6008088508
158.98796629291
959.4008103712
162.07876139454
961.20081189159
165.00960432669
963.00081341199
167.77760270122
964.80081493239
170.38002483791
966.60081645278
172.81430246032
968.40081797318
175.07803323033
970.20081949357
177.16898311897
972.00082101397
179.08508861113
973.80082253437
180.82445874205
975.60082405476
182.38537696338
977.40082557516
183.76630283731
979.20082709556
184.96587355671
981.00082861595
185.98290529011
982.80083013635
186.81639434998
984.60083165674
187.46551818324
986.40083317714
187.92963618304
988.20083469754
188.20829032095
990.00083621793
188.30120559897
991.80083773833
188.20829032095
993.60083925873
187.92963618304
995.40084077912
187.46551818324
997.20084229952
186.81639434998
999.00084381991
185.98290529011
1000.8008453403
184.96587355671
1002.6008468607
183.76630283731
1004.4008483811
182.38537696338
1006.2008499015
180.82445874205
1008.0008514219
179.08508861113
1009.8008529423
177.16898311897
1011.6008544627
175.07803323033
1013.4008559831
172.81430246032
1015.2008575035
170.38002483791
1017.0008590239
167.77760270122
1018.8008605443
165.00960432669
1020.6008620647
162.07876139454
1022.4008635851
158.98796629291
1024.2008651055
155.74026926339
1026.0008666259
152.33887539086
1027.8008681463
148.78714144041
1029.6008696666
145.08857254465
1031.400871187
141.24681874455
1033.2008727074
137.26567138728
1035.0008742278
133.14905938463
1036.8008757482
128.90104533566
1038.6008772686
124.52582151735
1040.400878789
120.02770574738
1042.2008803094
115.41113712297
1044.0008818298
110.68067163997
1045.8008833502
105.8409776967
1047.6008848706
100.89683148678
1049.400886391
95.853112285601
1051.2008879114
90.714797635085
1053.0008894318
85.486958431435
1054.8008909522
80.174753920778
1056.6008924726
74.783426607616
1058.400893993
69.318297081106
1060.2008955134
63.784758764276
1062.0008970338
58.188272591372
1063.8008985542
52.534361618576
1065.6009000746
46.828605573413
1067.400901595
41.076635348236
1069.2009031154
35.284127443211
1071.0009046358
29.456798364305
1072.8009061562
23.600398981775
1074.6009076766
17.720708854761
1076.400909197
11.823530527555
1078.2009107173
5.9146838031901
1080.0009122377
0
1081.8009137581
0
1083.6009152785
0
1085.4009167989
0
1087.2009183193
0
1089.0009198397
0
1090.8009213601
0
1092.6009228805
0
1094.4009244009
0
1096.2009259213
0
1098.0009274417
0
1099.8009289621
0
1101.6009304825
0
1103.4009320029
0
1105.2009335233
0
1107.0009350437
0
1108.8009365641
0
1110.6009380845
0
1112.4009396049
0
1114.2009411253
0
1116.0009426457
0
1117.8009441661
0
1119.6009456865
0
1121.4009472069
0
1123.2009487273
0
1125.0009502477
0
1126.800951768
0
1128.6009532884
0
1130.4009548088
0
1132.2009563292
0
1134.0009578496
0
1135.80095937
0
1137.6009608904
0
1139.4009624108
0
1141.2009639312
0
1143.0009654516
0
1144.800966972
0
1146.6009684924
0
1148.4009700128
0
1150.2009715332
0
1152.0009730536
0
1153.800974574
0
1155.6009760944
0
1157.4009776148
0
1159.2009791352
0
1161.0009806556
0
1162.800982176
0
1164.6009836964
0
1166.4009852168
0
1168.2009867372
0
1170.0009882576
0
1171.800989778
0
1173.6009912983
0
1175.4009928187
0
1177.2009943391
0
1179.0009958595
0
1180.8009973799
0
1182.6009989003
0
1184.4010004207
0
1186.2010019411
0
1188.0010034615
0
1189.8010049819
0
1191.6010065023
0
1193.4010080227
0
1195.2010095431
0
1197.0010110635
0
1198.8010125839
0
1200.6010141043
0
1202.4010156247
0
1204.2010171451
0
1206.0010186655
0
1207.8010201859
0
1209.6010217063
0
1211.4010232267
0
1213.2010247471
0
1215.0010262675
0
1216.8010277879
0
1218.6010293083
0
1220.4010308287
0
1222.201032349
0
1224.0010338694
0
1225.8010353898
0
1227.6010369102
0
1229.4010384306
0
1231.201039951
0
1233.0010414714
0
1234.8010429918
0
1236.6010445122
0
1238.4010460326
0
1240.201047553
0
1242.0010490734
0
1243.8010505938
0
1245.6010521142
0
1247.4010536346
0
1249.201055155
0
1251.0010566754
0
1252.8010581958
0
1254.6010597162
0
1256.4010612366
0
1258.201062757
0
1260.0010642774
5.0755854076743E-13
1261.8010657978
5.9146838031898
1263.6010673182
11.823530527555
1265.4010688386
17.720708854762
1267.201070359
23.600398981777
1269.0010718794
29.456798364306
1270.8010733997
35.284127443212
1272.6010749201
41.076635348236
1274.4010764405
46.828605573414
1276.2010779609
52.534361618576
1278.0010794813
58.188272591372
1279.8010810017
63.784758764276
1281.6010825221
69.318297081106
1283.4010840425
74.783426607616
1285.2010855629
80.174753920778
1287.0010870833
85.486958431435
1288.8010886037
90.714797635085
1290.6010901241
95.8531122856
1292.4010916445
100.89683148678
1294.2010931649
105.8409776967
1296.0010946853
110.68067163997
1297.8010962057
115.41113712297
1299.6010977261
120.02770574738
1301.4010992465
124.52582151735
1303.2011007669
128.90104533566
1305.0011022873
133.14905938463
1306.8011038077
137.26567138728
1308.6011053281
141.24681874455
1310.4011068485
145.08857254465
1312.2011083689
148.78714144041
1314.0011098893
152.33887539086
1315.8011114097
155.74026926339
1317.60111293
158.98796629291
1319.4011144504
162.07876139454
1321.2011159708
165.00960432669
1323.0011174912
167.77760270122
1324.8011190116
170.38002483791
1326.601120532
172.81430246032
1328.4011220524
175.07803323033
1330.2011235728
177.16898311897
1332.0011250932
179.08508861113
1333.8011266136
180.82445874205
1335.601128134
182.38537696338
1337.4011296544
183.76630283731
1339.2011311748
184.96587355671
1341.0011326952
185.98290529011
1342.8011342156
186.81639434998
1344.601135736
187.46551818324
1346.4011372564
187.92963618304
1348.2011387768
188.20829032095
1350.0011402972
188.30120559897
1351.8011418176
188.20829032095
1353.601143338
187.92963618304
1355.4011448584
187.46551818324
1357.2011463788
186.81639434998
1359.0011478992
185.98290529011
1360.8011494196
184.96587355671
1362.60115094
183.76630283731
1364.4011524604
182.38537696338
1366.2011539807
180.82445874205
1368.0011555011
179.08508861113
1369.8011570215
177.16898311896
1371.6011585419
175.07803323033
1373.4011600623
172.81430246032
1375.2011615827
170.38002483791
1377.0011631031
167.77760270122
1378.8011646235
165.00960432669
1380.6011661439
162.07876139454
1382.4011676643
158.98796629291
1384.2011691847
155.74026926339
1386.0011707051
152.33887539086
1387.8011722255
148.78714144041
1389.6011737459
145.08857254465
1391.4011752663
141.24681874455
1393.2011767867
137.26567138728
1395.0011783071
133.14905938463
1396.8011798275
128.90104533566
1398.6011813479
124.52582151735
1400.4011828683
120.02770574738
1402.2011843887
115.41113712297
1404.0011859091
110.68067163997
1405.8011874295
105.8409776967
1407.6011889499
100.89683148678
1409.4011904703
95.853112285601
1411.2011919907
90.714797635085
1413.001193511
85.486958431434
1414.8011950314
80.174753920778
1416.6011965518
74.783426607617
1418.4011980722
69.318297081106
1420.2011995926
63.784758764276
1422.001201113
58.188272591372
1423.8012026334
52.534361618576
1425.6012041538
46.828605573413
1427.4012056742
41.076635348235
1429.2012071946
35.284127443212
1431.001208715
29.456798364305
1432.8012102354
23.600398981775
1434.6012117558
17.720708854761
1436.4012132762
11.823530527555
1438.2012147966
5.9146838031901
1440.001216317
0
1441.8012178374
0
1443.6012193578
0
1445.4012208782
0
1447.2012223986
0
1449.001223919
0
1450.8012254394
0
1452.6012269598
0
1454.4012284802
0
1456.2012300006
0
1458.001231521
0
1459.8012330414
0
1461.6012345617
0
1463.4012360821
0
1465.2012376025
0
1467.0012391229
0
1468.8012406433
0
1470.6012421637
0
1472.4012436841
0
1474.2012452045
0
1476.0012467249
0
1477.8012482453
0
1479.6012497657
0
1481.4012512861
0
1483.2012528065
0
1485.0012543269
0
1486.8012558473
0
1488.6012573677
0
1490.4012588881
0
1492.2012604085
0
1494.0012619289
0
1495.8012634493
0
1497.6012649697
0
1499.4012664901
0
1501.2012680105
0
1503.0012695309
0
1504.8012710513
0
1506.6012725717
0
1508.4012740921
0
1510.2012756124
0
1512.0012771328
0
1513.8012786532
0
1515.6012801736
0
1517.401281694
0
1519.2012832144
0
1521.0012847348
0
1522.8012862552
0
1524.6012877756
0
1526.401289296
0
1528.2012908164
0
1530.0012923368
0
1531.8012938572
0
1533.6012953776
0
1535.401296898
0
1537.2012984184
0
1539.0012999388
0
1540.8013014592
0
1542.6013029796
0
1544.4013045
0
1546.2013060204
0
1548.0013075408
0
1549.8013090612
0
1551.6013105816
0
1553.401312102
0
1555.2013136224
0
1557.0013151427
0
1558.8013166631
0
1560.6013181835
0
1562.4013197039
0
1564.2013212243
0
1566.0013227447
0
1567.8013242651
0
1569.6013257855
0
1571.4013273059
0
1573.2013288263
0
1575.0013303467
0
1576.8013318671
0
1578.6013333875
0
1580.4013349079
0
1582.2013364283
0
1584.0013379487
0
1585.8013394691
0
1587.6013409895
0
1589.4013425099
0
1591.2013440303
0
1593.0013455507
0
1594.8013470711
0
1596.6013485915
0
1598.4013501119
0
1600.2013516323
0
1602.0013531527
0
1603.8013546731
0
1605.6013561934
0
1607.4013577138
0
1609.2013592342
0
1611.0013607546
0
1612.801362275
0
1614.6013637954
0
1616.4013653158
0
1618.2013668362
0
1620.0013683566
4.6143804702495E-13
1621.801369877
5.9146838031904
1623.6013713974
11.823530527555
1625.4013729178
17.720708854762
1627.2013744382
23.600398981777
1629.0013759586
29.456798364306
1630.801377479
35.284127443212
1632.6013789994
41.076635348236
1634.4013805198
46.828605573414
1636.2013820402
52.534361618576
1638.0013835606
58.188272591372
1639.801385081
63.784758764276
1641.6013866014
69.318297081106
1643.4013881218
74.783426607616
1645.2013896422
80.174753920778
1647.0013911626
85.486958431435
1648.801392683
90.714797635085
1650.6013942034
95.8531122856
1652.4013957237
100.89683148678
1654.2013972441
105.8409776967
1656.0013987645
110.68067163997
1657.8014002849
115.41113712297
1659.6014018053
120.02770574738
1661.4014033257
124.52582151735
1663.2014048461
128.90104533566
1665.0014063665
133.14905938463
1666.8014078869
137.26567138728
1668.6014094073
141.24681874455
1670.4014109277
145.08857254465
1672.2014124481
148.78714144041
1674.0014139685
152.33887539086
1675.8014154889
155.74026926339
1677.6014170093
158.98796629291
1679.4014185297
162.07876139454
1681.2014200501
165.00960432669
1683.0014215705
167.77760270122
1684.8014230909
170.38002483791
1686.6014246113
172.81430246032
1688.4014261317
175.07803323033
1690.2014276521
177.16898311897
1692.0014291725
179.08508861113
1693.8014306929
180.82445874205
1695.6014322133
182.38537696338
1697.4014337337
183.76630283731
1699.2014352541
184.96587355671
1701.0014367744
185.98290529011
1702.8014382948
186.81639434998
1704.6014398152
187.46551818324
1706.4014413356
187.92963618304
1708.201442856
188.20829032095
1710.0014443764
188.30120559897
1711.8014458968
188.20829032095
1713.6014474172
187.92963618304
1715.4014489376
187.46551818324
1717.201450458
186.81639434998
1719.0014519784
185.98290529011
1720.8014534988
184.96587355671
1722.6014550192
183.76630283731
1724.4014565396
182.38537696338
1726.20145806
180.82445874205
1728.0014595804
179.08508861113
1729.8014611008
177.16898311896
1731.6014626212
175.07803323033
1733.4014641416
172.81430246032
1735.201465662
170.38002483791
1737.0014671824
167.77760270122
1738.8014687028
165.00960432669
1740.6014702232
162.07876139454
1742.4014717436
158.98796629291
1744.201473264
155.74026926339
1746.0014747844
152.33887539086
1747.8014763048
148.78714144041
1749.6014778251
145.08857254465
1751.4014793455
141.24681874455
1753.2014808659
137.26567138728
1755.0014823863
133.14905938463
1756.8014839067
128.90104533566
1758.6014854271
124.52582151735
1760.4014869475
120.02770574738
1762.2014884679
115.41113712297
1764.0014899883
110.68067163997
1765.8014915087
105.8409776967
1767.6014930291
100.89683148678
1769.4014945495
95.853112285601
1771.2014960699
90.714797635085
1773.0014975903
85.486958431434
1774.8014991107
80.174753920778
1776.6015006311
74.783426607617
1778.4015021515
69.318297081106
1780.2015036719
63.784758764275
1782.0015051923
58.188272591372
1783.8015067127
52.534361618576
1785.6015082331
46.828605573413
1787.4015097535
41.076635348235
1789.2015112739
35.284127443212
1791.0015127943
29.456798364305
1792.8015143147
23.600398981775
1794.6015158351
17.720708854761
1796.4015173554
11.823530527555
1798.2015188758
5.9146838031902
