0
0
1.8000015203962
5.9146838031903
3.6000030407925
11.823530527555
5.4000045611887
17.720708854762
7.200006081585
23.600398981776
9.0000076019812
29.456798364305
10.800009122377
35.284127443212
12.600010642774
41.076635348236
14.40001216317
46.828605573414
16.200013683566
52.534361618577
18.000015203962
58.188272591372
19.800016724359
63.784758764276
21.600018244755
69.318297081106
23.400019765151
74.783426607616
25.200021285547
80.174753920778
27.000022805944
85.486958431435
28.80002432634
90.714797635086
30.600025846736
95.853112285601
32.400027367132
100.89683148678
34.200028887529
105.8409776967
36.000030407925
110.68067163997
37.800031928321
115.41113712297
39.600033448717
120.02770574738
41.400034969114
124.52582151735
43.20003648951
128.90104533566
45.000038009906
133.14905938463
46.800039530302
137.26567138728
48.600041050699
141.24681874455
50.400042571095
145.08857254465
52.200044091491
148.78714144041
54.000045611887
152.33887539086
55.800047132283
155.74026926339
57.60004865268
158.98796629291
59.400050173076
162.07876139454
61.200051693472
165.00960432669
63.000053213868
167.77760270122
64.800054734265
170.38002483791
66.600056254661
172.81430246032
68.400057775057
175.07803323033
70.200059295453
177.16898311897
72.00006081585
179.08508861113
73.800062336246
180.82445874205
75.600063856642
182.38537696338
77.400065377038
183.76630283731
79.200066897435
184.96587355671
81.000068417831
185.98290529011
82.800069938227
186.81639434998
84.600071458623
187.46551818324
86.40007297902
187.92963618304
88.200074499416
188.20829032095
90.000076019812
188.30120559897
91.800077540208
188.20829032095
93.600079060605
187.92963618304
95.400080581001
187.46551818324
97.200082101397
186.81639434998
99.000083621793
185.98290529011
100.80008514219
184.96587355671
102.60008666259
183.76630283731
104.40008818298
182.38537696338
106.20008970338
180.82445874205
108.00009122377
179.08508861113
109.80009274417
177.16898311897
111.60009426457
175.07803323033
113.40009578496
172.81430246032
115.20009730536
170.38002483791
117.00009882576
167.77760270122
118.80010034615
165.00960432669
120.60010186655
162.07876139454
122.40010338694
158.98796629291
124.20010490734
155.74026926339
126.00010642774
152.33887539086
127.80010794813
148.78714144041
129.60010946853
145.08857254465
131.40011098893
141.24681874455
133.20011250932
137.26567138728
135.00011402972
133.14905938463
136.80011555011
128.90104533566
138.60011707051
124.52582151735
140.40011859091
120.02770574738
142.2001201113
115.41113712297
144.0001216317
110.68067163997
145.8001231521
105.8409776967
147.60012467249
100.89683148678
149.40012619289
95.853112285601
151.20012771328
90.714797635086
153.00012923368
85.486958431435
154.80013075408
80.174753920778
156.60013227447
74.783426607616
158.40013379487
69.318297081106
160.20013531527
63.784758764276
162.00013683566
58.188272591372
163.80013835606
52.534361618577
165.60013987645
46.828605573414
167.40014139685
41.076635348236
169.20014291725
35.284127443212
171.00014443764
29.456798364305
172.80014595804
23.600398981776
174.60014747844
17.720708854762
176.40014899883
11.823530527555
178.20015051923
5.9146838031902
180.00015203962
0
181.80015356002
0
183.60015508042
0
185.40015660081
0
187.20015812121
0
189.00015964161
0
190.800161162
0
192.6001626824
0
194.40016420279
0
196.20016572319
0
198.00016724359
0
199.80016876398
0
201.60017028438
0
203.40017180478
0
205.20017332517
0
207.00017484557
0
208.80017636596
0
210.60017788636
0
212.40017940676
0
214.20018092715
0
216.00018244755
0
217.80018396795
0
219.60018548834
0
221.40018700874
0
223.20018852913
0
225.00019004953
0
226.80019156993
0
228.60019309032
0
230.40019461072
0
232.20019613112
0
234.00019765151
0
235.80019917191
0
237.6002006923
0
239.4002022127
0
241.2002037331
0
243.00020525349
0
244.80020677389
0
246.60020829429
0
248.40020981468
0
250.20021133508
0
252.00021285547
0
253.80021437587
0
255.60021589627
0
257.40021741666
0
259.20021893706
0
261.00022045746
0
262.80022197785
0
264.60022349825
0
266.40022501864
0
268.20022653904
0
270.00022805944
0
271.80022957983
0
273.60023110023
0
275.40023262062
0
277.20023414102
0
279.00023566142
0
280.80023718181
0
282.60023870221
0
284.40024022261
0
286.200241743
0
288.0002432634
0
289.80024478379
0
291.60024630419
0
293.40024782459
0
295.20024934498
0
297.00025086538
0
298.80025238578
0
300.60025390617
0
302.40025542657
0
304.20025694696
0
306.00025846736
0
307.80025998776
0
309.60026150815
0
311.40026302855
0
313.20026454895
0
315.00026606934
0
316.80026758974
0
318.60026911013
0
320.40027063053
0
322.20027215093
0
324.00027367132
0
325.80027519172
0
327.60027671212
0
329.40027823251
0
331.20027975291
0
333.0002812733
0
334.8002827937
0
336.6002843141
0
338.40028583449
0
340.20028735489
0
342.00028887529
0
343.80029039568
0
345.60029191608
0
347.40029343647
0
349.20029495687
0
351.00029647727
0
352.80029799766
0
354.60029951806
0
356.40030103846
0
358.20030255885
0
360.00030407925
1.2112457347405E-13
361.80030559964
5.9146838031906
363.60030712004
11.823530527556
365.40030864044
17.720708854762
367.20031016083
23.600398981776
369.00031168123
29.456798364305
370.80031320163
35.284127443212
372.60031472202
41.076635348236
374.40031624242
46.828605573413
376.20031776281
52.534361618576
378.00031928321
58.188272591372
379.80032080361
63.784758764276
381.600322324
69.318297081106
383.4003238444
74.783426607616
385.2003253648
80.174753920778
387.00032688519
85.486958431435
388.80032840559
90.714797635086
390.60032992598
95.853112285601
392.40033144638
100.89683148678
394.20033296678
105.8409776967
396.00033448717
110.68067163997
397.80033600757
115.41113712297
399.60033752797
120.02770574738
401.40033904836
124.52582151735
403.20034056876
128.90104533566
405.00034208915
133.14905938463
406.80034360955
137.26567138728
408.60034512995
141.24681874455
410.40034665034
145.08857254465
412.20034817074
148.78714144041
414.00034969114
152.33887539086
415.80035121153
155.74026926339
417.60035273193
158.98796629291
419.40035425232
162.07876139454
421.20035577272
165.00960432669
423.00035729312
167.77760270122
424.80035881351
170.38002483791
426.60036033391
172.81430246032
428.40036185431
175.07803323033
430.2003633747
177.16898311897
432.0003648951
179.08508861113
433.80036641549
180.82445874205
435.60036793589
182.38537696338
437.40036945629
183.76630283731
439.20037097668
184.96587355671
441.00037249708
185.98290529011
442.80037401748
186.81639434998
444.60037553787
187.46551818324
446.40037705827
187.92963618304
448.20037857866
188.20829032095
450.00038009906
188.30120559897
451.80038161946
188.20829032095
453.60038313985
187.92963618304
455.40038466025
187.46551818324
457.20038618065
186.81639434998
459.00038770104
185.98290529011
460.80038922144
184.96587355671
462.60039074183
183.76630283731
464.40039226223
182.38537696338
466.20039378263
180.82445874205
468.00039530302
179.08508861113
469.80039682342
177.16898311897
471.60039834382
175.07803323033
473.40039986421
172.81430246032
475.20040138461
170.38002483791
477.000402905
167.77760270122
478.8004044254
165.00960432669
480.6004059458
162.07876139454
482.40040746619
158.98796629291
484.20040898659
155.74026926339
486.00041050699
152.33887539086
487.80041202738
148.78714144041
489.60041354778
145.08857254465
491.40041506817
141.24681874455
493.20041658857
137.26567138728
495.00041810897
133.14905938463
496.80041962936
128.90104533566
498.60042114976
124.52582151735
500.40042267016
120.02770574738
502.20042419055
115.41113712297
504.00042571095
110.68067163997
505.80042723134
105.8409776967
507.60042875174
100.89683148678
509.40043027214
95.8531122856
511.20043179253
90.714797635085
513.00043331293
85.486958431435
514.80043483332
80.174753920778
516.60043635372
74.783426607616
518.40043787412
69.318297081106
520.20043939451
63.784758764276
522.00044091491
58.188272591372
523.80044243531
52.534361618576
525.6004439557
46.828605573413
527.4004454761
41.076635348236
529.20044699649
35.284127443211
531.00044851689
29.456798364305
532.80045003729
23.600398981776
534.60045155768
17.720708854762
536.40045307808
11.823530527555
538.20045459848
5.9146838031903
540.00045611887
0
541.80045763927
0
543.60045915966
0
545.40046068006
0
547.20046220046
0
549.00046372085
0
550.80046524125
0
552.60046676165
0
554.40046828204
0
556.20046980244
0
558.00047132283
0
559.80047284323
0
561.60047436363
0
563.40047588402
0
565.20047740442
0
567.00047892482
0
568.80048044521
0
570.60048196561
0
572.400483486
0
574.2004850064
0
576.0004865268
0
577.80048804719
0
579.60048956759
0
581.40049108799
0
583.20049260838
0
585.00049412878
0
586.80049564917
0
588.60049716957
0
590.40049868997
0
592.20050021036
0
594.00050173076
0
595.80050325116
0
597.60050477155
0
599.40050629195
0
601.20050781234
0
603.00050933274
0
604.80051085314
0
606.60051237353
0
608.40051389393
0
610.20051541433
0
612.00051693472
0
613.80051845512
0
615.60051997551
0
617.40052149591
0
619.20052301631
0
621.0005245367
0
622.8005260571
0
624.6005275775
0
626.40052909789
0
628.20053061829
0
630.00053213868
0
631.80053365908
0
633.60053517948
0
635.40053669987
0
637.20053822027
0
639.00053974067
0
640.80054126106
0
642.60054278146
0
644.40054430185
0
646.20054582225
0
648.00054734265
0
649.80054886304
0
651.60055038344
0
653.40055190384
0
655.20055342423
0
657.00055494463
0
658.80055646502
0
660.60055798542
0
662.40055950582
0
664.20056102621
0
666.00056254661
0
667.80056406701
0
669.6005655874
0
671.4005671078
0
673.20056862819
0
675.00057014859
0
676.80057166899
0
678.60057318938
0
680.40057470978
0
682.20057623018
0
684.00057775057
0
685.80057927097
0
687.60058079136
0
689.40058231176
0
691.20058383216
0
693.00058535255
0
694.80058687295
0
696.60058839335
0
698.40058991374
0
700.20059143414
0
702.00059295453
0
703.80059447493
0
705.60059599533
0
707.40059751572
0
709.20059903612
0
711.00060055652
0
712.80060207691
0
714.60060359731
0
716.4006051177
0
718.2006066381
0
720.0006081585
2.4224914694809E-13
721.80060967889
5.9146838031902
723.60061119929
11.823530527556
725.40061271969
17.720708854762
727.20061424008
23.600398981776
729.00061576048
29.456798364305
730.80061728087
35.284127443212
732.60061880127
41.076635348236
734.40062032167
46.828605573414
736.20062184206
52.534361618577
738.00062336246
58.188272591373
739.80062488286
63.784758764276
741.60062640325
69.318297081106
743.40062792365
74.783426607617
745.20062944404
80.174753920778
747.00063096444
85.486958431435
748.80063248484
90.714797635085
750.60063400523
95.853112285601
752.40063552563
100.89683148678
754.20063704603
105.8409776967
756.00063856642
110.68067163997
757.80064008682
115.41113712297
759.60064160721
120.02770574738
761.40064312761
124.52582151735
763.20064464801
128.90104533566
765.0006461684
133.14905938463
766.8006476888
137.26567138728
768.6006492092
141.24681874455
770.40065072959
145.08857254465
772.20065224999
148.78714144041
774.00065377038
152.33887539086
775.80065529078
155.74026926339
777.60065681118
158.98796629291
779.40065833157
162.07876139454
781.20065985197
165.00960432669
783.00066137236
167.77760270122
784.80066289276
170.38002483791
786.60066441316
172.81430246032
788.40066593355
175.07803323033
790.20066745395
177.16898311897
792.00066897435
179.08508861113
793.80067049474
180.82445874205
795.60067201514
182.38537696338
797.40067353553
183.76630283731
799.20067505593
184.96587355671
801.00067657633
185.98290529011
802.80067809672
186.81639434998
804.60067961712
187.46551818324
806.40068113752
187.92963618304
808.20068265791
188.20829032095
810.00068417831
188.30120559897
811.8006856987
188.20829032095
813.6006872191
187.92963618304
815.4006887395
187.46551818324
817.20069025989
186.81639434998
819.00069178029
185.98290529011
820.80069330069
184.96587355671
822.60069482108
183.76630283731
824.40069634148
182.38537696338
826.20069786187
180.82445874205
828.00069938227
179.08508861113
829.80070090267
177.16898311897
831.60070242306
175.07803323033
833.40070394346
172.81430246032
835.20070546386
170.38002483791
837.00070698425
167.77760270122
838.80070850465
165.00960432669
840.60071002504
162.07876139454
842.40071154544
158.98796629291
844.20071306584
155.74026926339
846.00071458623
152.33887539086
847.80071610663
148.78714144041
849.60071762703
145.08857254465
851.40071914742
141.24681874455
853.20072066782
137.26567138728
855.00072218821
133.14905938463
856.80072370861
128.90104533566
858.60072522901
124.52582151735
860.4007267494
120.02770574738
862.2007282698
115.41113712297
864.0007297902
110.68067163997
865.80073131059
105.8409776967
867.60073283099
100.89683148678
869.40073435138
95.8531122856
871.20073587178
90.714797635085
873.00073739218
85.486958431435
874.80073891257
80.174753920778
876.60074043297
74.783426607616
878.40074195337
69.318297081106
880.20074347376
63.784758764275
882.00074499416
58.188272591372
883.80074651455
52.534361618576
885.60074803495
46.828605573413
887.40074955535
41.076635348236
889.20075107574
35.284127443211
891.00075259614
29.456798364305
892.80075411654
23.600398981775
894.60075563693
17.720708854762
896.40075715733
11.823530527555
898.20075867772
5.9146838031904
900.00076019812
0
901.80076171852
0
903.60076323891
0
905.40076475931
0
907.20076627971
0
909.0007678001
0
910.8007693205
0
912.60077084089
0
914.40077236129
0
916.20077388169
0
918.00077540208
0
919.80077692248
0
921.60077844288
0
923.40077996327
0
925.20078148367
0
927.00078300406
0
928.80078452446
0
930.60078604486
0
932.40078756525
0
934.20078908565
0
936.00079060605
0
937.80079212644
0
939.60079364684
0
941.40079516723
0
943.20079668763
0
945.00079820803
0
946.80079972842
0
948.60080124882
0
950.40080276922
0
952.20080428961
0
954.00080581001
0
955.8008073304
0
957.6008088508
0
959.4008103712
0
961.20081189159
0
963.00081341199
0
964.80081493239
0
966.60081645278
0
968.40081797318
0
970.20081949357
0
972.00082101397
0
973.80082253437
0
975.60082405476
0
977.40082557516
0
979.20082709556
0
981.00082861595
0
982.80083013635
0
984.60083165674
0
986.40083317714
0
988.20083469754
0
990.00083621793
0
991.80083773833
0
993.60083925873
0
995.40084077912
0
997.20084229952
0
999.00084381991
0
1000.8008453403
0
1002.6008468607
0
1004.4008483811
0
1006.2008499015
0
1008.0008514219
0
1009.8008529423
0
1011.6008544627
0
1013.4008559831
0
1015.2008575035
0
1017.0008590239
0
1018.8008605443
0
1020.6008620647
0
1022.4008635851
0
1024.2008651055
0
1026.0008666259
0
1027.8008681463
0
1029.6008696666
0
1031.400871187
0
1033.2008727074
0
1035.0008742278
0
1036.8008757482
0
1038.6008772686
0
1040.400878789
0
1042.2008803094
0
1044.0008818298
0
1045.8008833502
0
1047.6008848706
0
1049.400886391
0
1051.2008879114
0
1053.0008894318
0
1054.8008909522
0
1056.6008924726
0
1058.400893993
0
1060.2008955134
0
1062.0008970338
0
1063.8008985542
0
1065.6009000746
0
1067.400901595
0
1069.2009031154
0
1071.0009046358
0
1072.8009061562
0
1074.6009076766
0
1076.400909197
0
1078.2009107173
0
1080.0009122377
5.3061878763866E-13
1081.8009137581
5.9146838031905
1083.6009152785
11.823530527556
1085.4009167989
17.720708854762
1087.2009183193
23.600398981775
1089.0009198397
29.456798364305
1090.8009213601
35.284127443212
1092.6009228805
41.076635348236
1094.4009244009
46.828605573414
1096.2009259213
52.534361618577
1098.0009274417
58.188272591372
1099.8009289621
63.784758764276
1101.6009304825
69.318297081106
1103.4009320029
74.783426607616
1105.2009335233
80.174753920778
1107.0009350437
85.486958431435
1108.8009365641
90.714797635086
1110.6009380845
95.853112285601
1112.4009396049
100.89683148678
1114.2009411253
105.8409776967
1116.0009426457
110.68067163997
1117.8009441661
115.41113712297
1119.6009456865
120.02770574738
1121.4009472069
124.52582151735
1123.2009487273
128.90104533566
1125.0009502477
133.14905938463
1126.800951768
137.26567138728
1128.6009532884
141.24681874455
1130.4009548088
145.08857254465
1132.2009563292
148.78714144041
1134.0009578496
152.33887539086
1135.80095937
155.74026926339
1137.6009608904
158.98796629291
1139.4009624108
162.07876139454
1141.2009639312
165.00960432669
1143.0009654516
167.77760270122
1144.800966972
170.38002483791
1146.6009684924
172.81430246032
1148.4009700128
175.07803323033
1150.2009715332
177.16898311897
1152.0009730536
179.08508861113
1153.800974574
180.82445874205
1155.6009760944
182.38537696338
1157.4009776148
183.76630283731
1159.2009791352
184.96587355671
1161.0009806556
185.98290529011
1162.800982176
186.81639434998
1164.6009836964
187.46551818324
1166.4009852168
187.92963618304
1168.2009867372
188.20829032095
1170.0009882576
188.30120559897
1171.800989778
188.20829032095
1173.6009912983
187.92963618304
1175.4009928187
187.46551818324
1177.2009943391
186.81639434998
1179.0009958595
185.98290529011
1180.8009973799
184.96587355671
1182.6009989003
183.76630283731
1184.4010004207
182.38537696338
1186.2010019411
180.82445874205
1188.0010034615
179.08508861113
1189.8010049819
177.16898311897
1191.6010065023
175.07803323033
1193.4010080227
172.81430246032
1195.2010095431
170.38002483791
1197.0010110635
167.77760270122
1198.8010125839
165.00960432669
1200.6010141043
162.07876139454
1202.4010156247
158.98796629291
1204.2010171451
155.74026926339
1206.0010186655
152.33887539086
1207.8010201859
148.78714144041
1209.6010217063
145.08857254465
1211.4010232267
141.24681874455
1213.2010247471
137.26567138728
1215.0010262675
133.14905938463
1216.8010277879
128.90104533566
1218.6010293083
124.52582151735
1220.4010308287
120.02770574738
1222.201032349
115.41113712297
1224.0010338694
110.68067163997
1225.8010353898
105.8409776967
1227.6010369102
100.89683148678
1229.4010384306
95.853112285601
1231.201039951
90.714797635085
1233.0010414714
85.486958431435
1234.8010429918
80.174753920778
1236.6010445122
74.783426607617
1238.4010460326
69.318297081106
1240.201047553
63.784758764276
1242.0010490734
58.188272591371
1243.8010505938
52.534361618576
1245.6010521142
46.828605573413
1247.4010536346
41.076635348235
1249.201055155
35.284127443211
1251.0010566754
29.456798364305
1252.8010581958
23.600398981775
1254.6010597162
17.720708854761
1256.4010612366
11.823530527555
1258.201062757
5.9146838031901
1260.0010642774
0
1261.8010657978
0
1263.6010673182
0
1265.4010688386
0
1267.201070359
0
1269.0010718794
0
1270.8010733997
0
1272.6010749201
0
1274.4010764405
0
1276.2010779609
0
1278.0010794813
0
1279.8010810017
0
1281.6010825221
0
1283.4010840425
0
1285.2010855629
0
1287.0010870833
0
1288.8010886037
0
1290.6010901241
0
1292.4010916445
0
1294.2010931649
0
1296.0010946853
0
1297.8010962057
0
1299.6010977261
0
1301.4010992465
0
1303.2011007669
0
1305.0011022873
0
1306.8011038077
0
1308.6011053281
0
1310.4011068485
0
1312.2011083689
0
1314.0011098893
0
1315.8011114097
0
1317.60111293
0
1319.4011144504
0
1321.2011159708
0
1323.0011174912
0
1324.8011190116
0
1326.601120532
0
1328.4011220524
0
1330.2011235728
0
1332.0011250932
0
1333.8011266136
0
1335.601128134
0
1337.4011296544
0
1339.2011311748
0
1341.0011326952
0
1342.8011342156
0
1344.601135736
0
1346.4011372564
0
1348.2011387768
0
1350.0011402972
0
1351.8011418176
0
1353.601143338
0
1355.4011448584
0
1357.2011463788
0
1359.0011478992
0
1360.8011494196
0
1362.60115094
0
1364.4011524604
0
1366.2011539807
0
1368.0011555011
0
1369.8011570215
0
1371.6011585419
0
1373.4011600623
0
1375.2011615827
0
1377.0011631031
0
1378.8011646235
0
1380.6011661439
0
1382.4011676643
0
1384.2011691847
0
1386.0011707051
0
1387.8011722255
0
1389.6011737459
0
1391.4011752663
0
1393.2011767867
0
1395.0011783071
0
1396.8011798275
0
1398.6011813479
0
1400.4011828683
0
1402.2011843887
0
1404.0011859091
0
1405.8011874295
0
1407.6011889499
0
1409.4011904703
0
1411.2011919907
0
1413.001193511
0
1414.8011950314
0
1416.6011965518
0
1418.4011980722
0
1420.2011995926
0
1422.001201113
0
1423.8012026334
0
1425.6012041538
0
1427.4012056742
0
1429.2012071946
0
1431.001208715
0
1432.8012102354
0
1434.6012117558
0
1436.4012132762
0
1438.2012147966
0
1440.001216317
4.8449829389619E-13
1441.8012178374
5.9146838031897
1443.6012193578
11.823530527555
1445.4012208782
17.720708854762
1447.2012223986
23.600398981777
1449.001223919
29.456798364306
1450.8012254394
35.284127443212
1452.6012269598
41.076635348236
1454.4012284802
46.828605573414
1456.2012300006
52.534361618576
1458.001231521
58.188272591372
1459.8012330414
63.784758764276
1461.6012345617
69.318297081107
1463.4012360821
74.783426607616
1465.2012376025
80.174753920778
1467.0012391229
85.486958431435
1468.8012406433
90.714797635085
1470.6012421637
95.8531122856
1472.4012436841
100.89683148678
1474.2012452045
105.8409776967
1476.0012467249
110.68067163997
1477.8012482453
115.41113712297
1479.6012497657
120.02770574738
1481.4012512861
124.52582151735
1483.2012528065
128.90104533566
1485.0012543269
133.14905938463
1486.8012558473
137.26567138728
1488.6012573677
141.24681874455
1490.4012588881
145.08857254465
1492.2012604085
148.78714144041
1494.0012619289
152.33887539086
1495.8012634493
155.74026926339
1497.6012649697
158.98796629291
1499.4012664901
162.07876139454
1501.2012680105
165.00960432669
1503.0012695309
167.77760270122
1504.8012710513
170.38002483791
1506.6012725717
172.81430246032
1508.4012740921
175.07803323033
1510.2012756124
177.16898311897
1512.0012771328
179.08508861113
1513.8012786532
180.82445874205
1515.6012801736
182.38537696338
1517.401281694
183.76630283731
1519.2012832144
184.96587355671
1521.0012847348
185.98290529011
1522.8012862552
186.81639434998
1524.6012877756
187.46551818324
1526.401289296
187.92963618304
1528.2012908164
188.20829032095
1530.0012923368
188.30120559897
1531.8012938572
188.20829032095
1533.6012953776
187.92963618304
1535.401296898
187.46551818324
1537.2012984184
186.81639434998
1539.0012999388
185.98290529011
1540.8013014592
184.96587355671
1542.6013029796
183.76630283731
1544.4013045
182.38537696338
1546.2013060204
180.82445874205
1548.0013075408
179.08508861113
1549.8013090612
177.16898311896
1551.6013105816
175.07803323033
1553.401312102
172.81430246032
1555.2013136224
170.38002483791
1557.0013151427
167.77760270122
1558.8013166631
165.00960432669
1560.6013181835
162.07876139454
1562.4013197039
158.98796629291
1564.2013212243
155.74026926339
1566.0013227447
152.33887539086
1567.8013242651
148.78714144041
1569.6013257855
145.08857254465
1571.4013273059
141.24681874455
1573.2013288263
137.26567138728
1575.0013303467
133.14905938463
1576.8013318671
128.90104533566
1578.6013333875
124.52582151735
1580.4013349079
120.02770574738
1582.2013364283
115.41113712297
1584.0013379487
110.68067163997
1585.8013394691
105.8409776967
1587.6013409895
100.89683148678
1589.4013425099
95.853112285601
1591.2013440303
90.714797635085
1593.0013455507
85.486958431434
1594.8013470711
80.174753920778
1596.6013485915
74.783426607617
1598.4013501119
69.318297081106
1600.2013516323
63.784758764274
1602.0013531527
58.188272591372
1603.8013546731
52.534361618576
1605.6013561934
46.828605573413
1607.4013577138
41.076635348235
1609.2013592342
35.284127443212
1611.0013607546
29.456798364305
1612.801362275
23.600398981775
1614.6013637954
17.720708854761
1616.4013653158
11.823530527555
1618.2013668362
5.9146838031901
1620.0013683566
0
1621.801369877
0
1623.6013713974
0
1625.4013729178
0
1627.2013744382
0
1629.0013759586
0
1630.801377479
0
1632.6013789994
0
1634.4013805198
0
1636.2013820402
0
1638.0013835606
0
1639.801385081
0
1641.6013866014
0
1643.4013881218
0
1645.2013896422
0
1647.0013911626
0
1648.801392683
0
1650.6013942034
0
1652.4013957237
0
1654.2013972441
0
1656.0013987645
0
1657.8014002849
0
1659.6014018053
0
1661.4014033257
0
1663.2014048461
0
1665.0014063665
0
1666.8014078869
0
1668.6014094073
0
1670.4014109277
0
1672.2014124481
0
1674.0014139685
0
1675.8014154889
0
1677.6014170093
0
1679.4014185297
0
1681.2014200501
0
1683.0014215705
0
1684.8014230909
0
1686.6014246113
0
1688.4014261317
0
1690.2014276521
0
1692.0014291725
0
1693.8014306929
0
1695.6014322133
0
1697.4014337337
0
1699.2014352541
0
1701.0014367744
0
1702.8014382948
0
1704.6014398152
0
1706.4014413356
0
1708.201442856
0
1710.0014443764
0
1711.8014458968
0
1713.6014474172
0
1715.4014489376
0
1717.201450458
0
1719.0014519784
0
1720.8014534988
0
1722.6014550192
0
1724.4014565396
0
1726.20145806
0
1728.0014595804
0
1729.8014611008
0
1731.6014626212
0
1733.4014641416
0
1735.201465662
0
1737.0014671824
0
1738.8014687028
0
1740.6014702232
0
1742.4014717436
0
1744.201473264
0
1746.0014747844
0
1747.8014763048
0
1749.6014778251
0
1751.4014793455
0
1753.2014808659
0
1755.0014823863
0
1756.8014839067
0
1758.6014854271
0
1760.4014869475
0
1762.2014884679
0
1764.0014899883
0
1765.8014915087
0
1767.6014930291
0
1769.4014945495
0
1771.2014960699
0
1773.0014975903
0
1774.8014991107
0
1776.6015006311
0
1778.4015021515
0
1780.2015036719
0
1782.0015051923
0
1783.8015067127
0
1785.6015082331
0
1787.4015097535
0
1789.2015112739
0
1791.0015127943
0
1792.8015143147
0
1794.6015158351
0
1796.4015173554
0
1798.2015188758
0
