0
0
31.860237844284
0
63.720475688568
0
95.580713532852
0
127.44095137714
0
159.30118922142
0
191.1614270657
0
223.02166490999
0
254.88190275427
0
286.74214059856
0
318.60237844284
0
350.46261628712
0
382.32285413141
0
414.18309197569
0
446.04332981998
0
477.90356766426
0
509.76380550854
0
541.62404335283
0
573.48428119711
0
605.3445190414
0
637.20475688568
0
669.06499472996
0
700.92523257425
0
732.78547041853
0
764.64570826282
0
796.5059461071
0
828.36618395138
0
860.22642179567
0
892.08665963995
0
923.94689748424
0
955.80713532852
0
987.6673731728
0
1019.5276110171
0
1051.3878488614
0
1083.2480867057
0
1115.1083245499
0
1146.9685623942
0
1178.8288002385
0
1210.6890380828
0
1242.5492759271
0
1274.4095137714
0
1306.2697516156
0
1338.1299894599
0
1369.9902273042
0
1401.8504651485
0
1433.7107029928
0
1465.5709408371
0
1497.4311786813
0
1529.2914165256
0
1561.1516543699
0
1593.0118922142
3.0281143368512E-14
1624.8721300585
5.9146838031903
1656.7323679028
11.823530527555
1688.5926057471
17.720708854762
1720.4528435913
23.600398981776
1752.3130814356
29.456798364305
1784.1733192799
35.284127443212
1816.0335571242
41.076635348236
1847.8937949685
46.828605573414
1879.7540328128
52.534361618576
1911.614270657
58.188272591372
1943.4745085013
63.784758764276
1975.3347463456
69.318297081106
2007.1949841899
74.783426607616
2039.0552220342
80.174753920778
2070.9154598785
85.486958431435
2102.7756977227
90.714797635086
2134.635935567
95.853112285601
2166.4961734113
100.89683148678
2198.3564112556
105.8409776967
2230.2166490999
110.68067163997
2262.0768869442
115.41113712297
2293.9371247884
120.02770574738
2325.7973626327
124.52582151735
2357.657600477
128.90104533566
2389.5178383213
133.14905938463
2421.3780761656
137.26567138728
2453.2383140099
141.24681874455
2485.0985518542
145.08857254465
2516.9587896984
148.78714144041
2548.8190275427
152.33887539086
2580.679265387
155.74026926339
2612.5395032313
158.98796629291
2644.3997410756
162.07876139454
2676.2599789199
165.00960432669
2708.1202167641
167.77760270122
2739.9804546084
170.38002483791
2771.8406924527
172.81430246032
2803.700930297
175.07803323033
2835.5611681413
177.16898311897
2867.4214059856
179.08508861113
2899.2816438298
180.82445874205
2931.1418816741
182.38537696338
2963.0021195184
183.76630283731
2994.8623573627
184.96587355671
3026.722595207
185.98290529011
3058.5828330513
186.81639434998
3090.4430708956
187.46551818324
3122.3033087398
187.92963618304
3154.1635465841
188.20829032095
3186.0237844284
188.30120559897
3217.8840222727
188.20829032095
3249.744260117
187.92963618304
3281.6044979613
187.46551818324
3313.4647358055
186.81639434998
3345.3249736498
185.98290529011
3377.1852114941
184.96587355671
3409.0454493384
183.76630283731
3440.9056871827
182.38537696338
3472.765925027
180.82445874205
3504.6261628712
179.08508861113
3536.4864007155
177.16898311897
3568.3466385598
175.07803323033
3600.2068764041
172.81430246032
3632.0671142484
170.38002483791
3663.9273520927
167.77760270122
3695.7875899369
165.00960432669
3727.6478277812
162.07876139454
3759.5080656255
158.98796629291
3791.3683034698
155.74026926339
3823.2285413141
152.33887539086
3855.0887791584
148.78714144041
3886.9490170027
145.08857254465
3918.8092548469
141.24681874455
3950.6694926912
137.26567138728
3982.5297305355
133.14905938463
4014.3899683798
128.90104533566
4046.2502062241
124.52582151735
4078.1104440684
120.02770574738
4109.9706819126
115.41113712297
4141.8309197569
110.68067163997
4173.6911576012
105.8409776967
4205.5513954455
100.89683148678
4237.4116332898
95.853112285601
4269.2718711341
90.714797635086
4301.1321089783
85.486958431435
4332.9923468226
80.174753920778
4364.8525846669
74.783426607616
4396.7128225112
69.318297081106
4428.5730603555
63.784758764276
4460.4332981998
58.188272591372
4492.293536044
52.534361618576
4524.1537738883
46.828605573414
4556.0140117326
41.076635348236
4587.8742495769
35.284127443211
4619.7344874212
29.456798364305
4651.5947252655
23.600398981775
4683.4549631098
17.720708854762
4715.315200954
11.823530527555
4747.1754387983
5.9146838031901
4779.0356766426
0
4810.8959144869
0
4842.7561523312
0
4874.6163901755
0
4906.4766280197
0
4938.336865864
0
4970.1971037083
0
5002.0573415526
0
5033.9175793969
0
5065.7778172412
0
5097.6380550854
0
5129.4982929297
0
5161.358530774
0
5193.2187686183
0
5225.0790064626
0
5256.9392443069
0
5288.7994821511
0
5320.6597199954
0
5352.5199578397
0
5384.380195684
0
5416.2404335283
0
5448.1006713726
0
5479.9609092169
0
5511.8211470611
0
5543.6813849054
0
5575.5416227497
0
5607.401860594
0
5639.2620984383
0
5671.1223362826
0
5702.9825741268
0
5734.8428119711
0
5766.7030498154
0
5798.5632876597
0
5830.423525504
0
5862.2837633483
0
5894.1440011925
0
5926.0042390368
0
5957.8644768811
0
5989.7247147254
0
6021.5849525697
0
6053.445190414
0
6085.3054282582
0
6117.1656661025
0
6149.0259039468
0
6180.8861417911
0
6212.7463796354
0
6244.6066174797
0
6276.466855324
0
6308.3270931682
0
6340.1873310125
0
6372.0475688568
0
6403.9078067011
0
6435.7680445454
0
6467.6282823897
0
6499.4885202339
0
6531.3487580782
0
6563.2089959225
0
6595.0692337668
0
6626.9294716111
0
6658.7897094554
0
6690.6499472996
0
6722.5101851439
0
6754.3704229882
0
6786.2306608325
0
6818.0908986768
0
6849.9511365211
0
6881.8113743653
0
6913.6716122096
0
6945.5318500539
0
6977.3920878982
0
7009.2523257425
0
7041.1125635868
0
7072.9728014311
0
7104.8330392753
0
7136.6932771196
0
7168.5535149639
0
7200.4137528082
0
7232.2739906525
0
7264.1342284968
0
7295.994466341
0
7327.8547041853
0
7359.7149420296
0
7391.5751798739
0
7423.4354177182
0
7455.2956555625
0
7487.1558934067
0
7519.016131251
0
7550.8763690953
0
7582.7366069396
0
7614.5968447839
0
7646.4570826282
0
7678.3173204724
0
7710.1775583167
0
7742.037796161
0
7773.8980340053
0
7805.7582718496
0
7837.6185096939
0
7869.4787475382
0
7901.3389853824
0
7933.1992232267
0
7965.059461071
1.0959445003843E-13
7996.9196989153
5.9146838031905
8028.7799367596
11.823530527555
8060.6401746039
17.720708854762
8092.5004124481
23.600398981776
8124.3606502924
29.456798364305
8156.2208881367
35.284127443212
8188.081125981
41.076635348236
8219.9413638253
46.828605573414
8251.8016016696
52.534361618577
8283.6618395138
58.188272591372
8315.5220773581
63.784758764276
8347.3823152024
69.318297081106
8379.2425530467
74.783426607617
8411.102790891
80.174753920778
8442.9630287353
85.486958431435
8474.8232665795
90.714797635086
8506.6835044238
95.853112285601
8538.5437422681
100.89683148678
8570.4039801124
105.8409776967
8602.2642179567
110.68067163997
8634.124455801
115.41113712297
8665.9846936453
120.02770574738
8697.8449314895
124.52582151735
8729.7051693338
128.90104533566
8761.5654071781
133.14905938463
8793.4256450224
137.26567138728
8825.2858828667
141.24681874455
8857.146120711
145.08857254465
8889.0063585552
148.78714144041
8920.8665963995
152.33887539086
8952.7268342438
155.74026926339
8984.5870720881
158.98796629291
9016.4473099324
162.07876139454
9048.3075477767
165.00960432669
9080.1677856209
167.77760270122
9112.0280234652
170.38002483791
9143.8882613095
172.81430246032
9175.7484991538
175.07803323033
9207.6087369981
177.16898311897
9239.4689748424
179.08508861113
9271.3292126867
180.82445874205
9303.1894505309
182.38537696338
9335.0496883752
183.76630283731
9366.9099262195
184.96587355671
9398.7701640638
185.98290529011
9430.6304019081
186.81639434998
9462.4906397524
187.46551818324
9494.3508775966
187.92963618304
9526.2111154409
188.20829032095
9558.0713532852
188.30120559897
9589.9315911295
188.20829032095
9621.7918289738
187.92963618304
9653.6520668181
187.46551818324
9685.5123046623
186.81639434998
9717.3725425066
185.98290529011
9749.2327803509
184.96587355671
9781.0930181952
183.76630283731
9812.9532560395
182.38537696338
9844.8134938838
180.82445874205
9876.673731728
179.08508861113
9908.5339695723
177.16898311897
9940.3942074166
175.07803323033
9972.2544452609
172.81430246032
10004.114683105
170.38002483791
10035.974920949
167.77760270122
10067.835158794
165.00960432669
10099.695396638
162.07876139454
10131.555634482
158.98796629291
10163.415872327
155.74026926339
10195.276110171
152.33887539086
10227.136348015
148.78714144041
10258.996585859
145.08857254465
10290.856823704
141.24681874455
10322.717061548
137.26567138728
10354.577299392
133.14905938463
10386.437537237
128.90104533566
10418.297775081
124.52582151735
10450.158012925
120.02770574738
10482.018250769
115.41113712297
10513.878488614
110.68067163997
10545.738726458
105.8409776967
10577.598964302
100.89683148678
10609.459202147
95.8531122856
10641.319439991
90.714797635085
10673.179677835
85.486958431435
10705.039915679
80.174753920778
10736.900153524
74.783426607617
10768.760391368
69.318297081106
10800.620629212
63.784758764275
10832.480867057
58.188272591372
10864.341104901
52.534361618577
10896.201342745
46.828605573413
10928.061580589
41.076635348236
10959.921818434
35.284127443211
10991.782056278
29.456798364305
11023.642294122
23.600398981775
11055.502531967
17.720708854762
11087.362769811
11.823530527555
11119.223007655
5.9146838031903
11151.083245499
0
11182.943483344
0
11214.803721188
0
11246.663959032
0
11278.524196877
0
11310.384434721
0
11342.244672565
0
11374.104910409
0
11405.965148254
0
11437.825386098
0
11469.685623942
0
11501.545861787
0
11533.406099631
0
11565.266337475
0
11597.126575319
0
11628.986813164
0
11660.847051008
0
11692.707288852
0
11724.567526697
0
11756.427764541
0
11788.288002385
0
11820.148240229
0
11852.008478074
0
11883.868715918
0
11915.728953762
0
11947.589191607
0
11979.449429451
0
12011.309667295
0
12043.169905139
0
12075.030142984
0
12106.890380828
0
12138.750618672
0
12170.610856516
0
12202.471094361
0
12234.331332205
0
12266.191570049
0
12298.051807894
0
12329.912045738
0
12361.772283582
0
12393.632521426
0
12425.492759271
0
12457.352997115
0
12489.213234959
0
12521.073472804
0
12552.933710648
0
12584.793948492
0
12616.654186336
0
12648.514424181
0
12680.374662025
0
12712.234899869
0
12744.095137714
0
12775.955375558
0
12807.815613402
0
12839.675851246
0
12871.536089091
0
12903.396326935
0
12935.256564779
0
12967.116802624
0
12998.977040468
0
13030.837278312
0
13062.697516156
0
13094.557754001
0
13126.417991845
0
13158.278229689
0
13190.138467534
0
13221.998705378
0
13253.858943222
0
13285.719181066
0
13317.579418911
0
13349.439656755
0
13381.299894599
0
13413.160132444
0
13445.020370288
0
13476.880608132
0
13508.740845976
0
13540.601083821
0
13572.461321665
0
13604.321559509
0
13636.181797354
0
13668.042035198
0
13699.902273042
0
13731.762510886
0
13763.622748731
0
13795.482986575
0
13827.343224419
0
13859.203462264
0
13891.063700108
0
13922.923937952
0
13954.784175796
0
13986.644413641
0
14018.504651485
0
14050.364889329
0
14082.225127174
0
14114.085365018
0
14145.945602862
0
14177.805840706
0
14209.666078551
0
14241.526316395
0
14273.386554239
0
14305.246792084
0
14337.107029928
2.3071902351248E-13
14368.967267772
5.9146838031902
14400.827505616
11.823530527556
14432.687743461
17.720708854762
14464.547981305
23.600398981776
14496.408219149
29.456798364305
14528.268456994
35.284127443212
14560.128694838
41.076635348236
14591.988932682
46.828605573414
14623.849170526
52.534361618577
14655.709408371
58.188272591373
14687.569646215
63.784758764276
14719.429884059
69.318297081106
14751.290121904
74.783426607617
14783.150359748
80.174753920778
14815.010597592
85.486958431435
14846.870835436
90.714797635086
14878.731073281
95.853112285601
14910.591311125
100.89683148678
14942.451548969
105.8409776967
14974.311786813
110.68067163997
15006.172024658
115.41113712297
15038.032262502
120.02770574738
15069.892500346
124.52582151735
15101.752738191
128.90104533566
15133.612976035
133.14905938463
15165.473213879
137.26567138728
15197.333451723
141.24681874455
15229.193689568
145.08857254465
15261.053927412
148.78714144041
15292.914165256
152.33887539086
15324.774403101
155.74026926339
15356.634640945
158.98796629291
15388.494878789
162.07876139454
15420.355116633
165.00960432669
15452.215354478
167.77760270122
15484.075592322
170.38002483791
15515.935830166
172.81430246032
15547.796068011
175.07803323033
15579.656305855
177.16898311897
15611.516543699
179.08508861113
15643.376781543
180.82445874205
15675.237019388
182.38537696338
15707.097257232
183.76630283731
15738.957495076
184.96587355671
15770.817732921
185.98290529011
15802.677970765
186.81639434998
15834.538208609
187.46551818324
15866.398446453
187.92963618304
15898.258684298
188.20829032095
15930.118922142
188.30120559897
15961.979159986
188.20829032095
15993.839397831
187.92963618304
16025.699635675
187.46551818324
16057.559873519
186.81639434998
16089.420111363
185.98290529011
16121.280349208
184.96587355671
16153.140587052
183.76630283731
16185.000824896
182.38537696338
16216.861062741
180.82445874205
16248.721300585
179.08508861113
16280.581538429
177.16898311896
16312.441776273
175.07803323033
16344.302014118
172.81430246032
16376.162251962
170.38002483791
16408.022489806
167.77760270122
16439.882727651
165.00960432669
16471.742965495
162.07876139454
16503.603203339
158.98796629291
16535.463441183
155.74026926339
16567.323679028
152.33887539086
16599.183916872
148.78714144041
16631.044154716
145.08857254465
16662.904392561
141.24681874455
16694.764630405
137.26567138728
16726.624868249
133.14905938463
16758.485106093
128.90104533566
16790.345343938
124.52582151735
16822.205581782
120.02770574738
16854.065819626
115.41113712297
16885.926057471
110.68067163997
16917.786295315
105.8409776967
16949.646533159
100.89683148678
16981.506771003
95.8531122856
17013.367008848
90.714797635085
17045.227246692
85.486958431435
17077.087484536
80.174753920778
17108.947722381
74.783426607616
17140.807960225
69.318297081105
17172.668198069
63.784758764275
17204.528435913
58.188272591372
17236.388673758
52.534361618576
17268.248911602
46.828605573413
17300.109149446
41.076635348236
17331.969387291
35.284127443212
17363.829625135
29.456798364304
17395.689862979
23.600398981775
17427.550100823
17.720708854762
17459.410338668
11.823530527555
17491.270576512
5.9146838031897
17523.130814356
4.6132149222484E-13
17554.9910522
0
17586.851290045
0
17618.711527889
0
17650.571765733
0
17682.432003578
0
17714.292241422
0
17746.152479266
0
17778.01271711
0
17809.872954955
0
17841.733192799
0
17873.593430643
0
17905.453668488
0
17937.313906332
0
17969.174144176
0
18001.03438202
0
18032.894619865
0
18064.754857709
0
18096.615095553
0
18128.475333398
0
18160.335571242
0
18192.195809086
0
18224.05604693
0
18255.916284775
0
18287.776522619
0
18319.636760463
0
18351.496998308
0
18383.357236152
0
18415.217473996
0
18447.07771184
0
18478.937949685
0
18510.798187529
0
18542.658425373
0
18574.518663218
0
18606.378901062
0
18638.239138906
0
18670.09937675
0
18701.959614595
0
18733.819852439
0
18765.680090283
0
18797.540328128
0
18829.400565972
0
18861.260803816
0
18893.12104166
0
18924.981279505
0
18956.841517349
0
18988.701755193
0
19020.561993038
0
19052.422230882
0
19084.282468726
0
19116.14270657
0
19148.002944415
0
19179.863182259
0
19211.723420103
0
19243.583657948
0
19275.443895792
0
19307.304133636
0
19339.16437148
0
19371.024609325
0
19402.884847169
0
19434.745085013
0
19466.605322858
0
19498.465560702
0
19530.325798546
0
19562.18603639
0
19594.046274235
0
19625.906512079
0
19657.766749923
0
19689.626987768
0
19721.487225612
0
19753.347463456
0
19785.2077013
0
19817.067939145
0
19848.928176989
0
19880.788414833
0
19912.648652678
0
19944.508890522
0
19976.369128366
0
20008.22936621
0
20040.089604055
0
20071.949841899
0
20103.810079743
0
20135.670317588
0
20167.530555432
0
20199.390793276
0
20231.25103112
0
20263.111268965
0
20294.971506809
0
20326.831744653
0
20358.691982497
0
20390.552220342
0
20422.412458186
0
20454.27269603
0
20486.132933875
0
20517.993171719
0
20549.853409563
0
20581.713647407
0
20613.573885252
0
20645.434123096
0
20677.29436094
0
20709.154598785
1.8459852977E-13
20741.014836629
5.9146838031908
20772.875074473
11.823530527555
20804.735312317
17.720708854762
20836.595550162
23.600398981776
20868.455788006
29.456798364305
20900.31602585
35.284127443212
20932.176263695
41.076635348236
20964.036501539
46.828605573413
20995.896739383
52.534361618576
21027.756977227
58.188272591372
21059.617215072
63.784758764276
21091.477452916
69.318297081106
21123.33769076
74.783426607617
21155.197928605
80.174753920778
21187.058166449
85.486958431435
21218.918404293
90.714797635086
21250.778642137
95.853112285601
21282.638879982
100.89683148678
21314.499117826
105.8409776967
21346.35935567
110.68067163997
21378.219593515
115.41113712297
21410.079831359
120.02770574738
21441.940069203
124.52582151735
21473.800307047
128.90104533566
21505.660544892
133.14905938463
21537.520782736
137.26567138728
21569.38102058
141.24681874455
21601.241258425
145.08857254465
21633.101496269
148.78714144041
21664.961734113
152.33887539086
21696.821971957
155.74026926339
21728.682209802
158.98796629291
21760.542447646
162.07876139454
21792.40268549
165.00960432669
21824.262923335
167.77760270122
21856.123161179
170.38002483791
21887.983399023
172.81430246032
21919.843636867
175.07803323033
21951.703874712
177.16898311897
21983.564112556
179.08508861113
22015.4243504
180.82445874205
22047.284588245
182.38537696338
22079.144826089
183.76630283731
22111.005063933
184.96587355671
22142.865301777
185.98290529011
22174.725539622
186.81639434998
22206.585777466
187.46551818324
22238.44601531
187.92963618304
22270.306253155
188.20829032095
22302.166490999
188.30120559897
22334.026728843
188.20829032095
22365.886966687
187.92963618304
22397.747204532
187.46551818324
22429.607442376
186.81639434998
22461.46768022
185.98290529011
22493.327918065
184.96587355671
22525.188155909
183.76630283731
22557.048393753
182.38537696338
22588.908631597
180.82445874205
22620.768869442
179.08508861113
22652.629107286
177.16898311896
22684.48934513
175.07803323033
22716.349582975
172.81430246032
22748.209820819
170.38002483791
22780.070058663
167.77760270122
22811.930296507
165.00960432669
22843.790534352
162.07876139454
22875.650772196
158.98796629291
22907.51101004
155.74026926339
22939.371247884
152.33887539086
22971.231485729
148.78714144041
23003.091723573
145.08857254465
23034.951961417
141.24681874455
23066.812199262
137.26567138728
23098.672437106
133.14905938463
23130.53267495
128.90104533566
23162.392912794
124.52582151735
23194.253150639
120.02770574738
23226.113388483
115.41113712297
23257.973626327
110.68067163997
23289.833864172
105.8409776967
23321.694102016
100.89683148678
23353.55433986
95.8531122856
23385.414577704
90.714797635085
23417.274815549
85.486958431434
23449.135053393
80.174753920778
23480.995291237
74.783426607616
23512.855529082
69.318297081105
23544.715766926
63.784758764275
23576.57600477
58.188272591372
23608.436242614
52.534361618576
23640.296480459
46.828605573413
23672.156718303
41.076635348236
23704.016956147
35.284127443212
23735.877193992
29.456798364305
23767.737431836
23.600398981775
23799.59766968
17.720708854761
23831.457907524
11.823530527555
23863.318145369
5.9146838031898
23895.178383213
0
23927.038621057
0
23958.898858902
0
23990.759096746
0
24022.61933459
0
24054.479572434
0
24086.339810279
0
24118.200048123
0
24150.060285967
0
24181.920523812
0
24213.780761656
0
24245.6409995
0
24277.501237344
0
24309.361475189
0
24341.221713033
0
24373.081950877
0
24404.942188722
0
24436.802426566
0
24468.66266441
0
24500.522902254
0
24532.383140099
0
24564.243377943
0
24596.103615787
0
24627.963853632
0
24659.824091476
0
24691.68432932
0
24723.544567164
0
24755.404805009
0
24787.265042853
0
24819.125280697
0
24850.985518542
0
24882.845756386
0
24914.70599423
0
24946.566232074
0
24978.426469919
0
25010.286707763
0
25042.146945607
0
25074.007183452
0
25105.867421296
0
25137.72765914
0
25169.587896984
0
25201.448134829
0
25233.308372673
0
25265.168610517
0
25297.028848362
0
25328.889086206
0
25360.74932405
0
25392.609561894
0
25424.469799739
0
25456.330037583
0
25488.190275427
0
25520.050513271
0
25551.910751116
0
25583.77098896
0
25615.631226804
0
25647.491464649
0
25679.351702493
0
25711.211940337
0
25743.072178181
0
25774.932416026
0
25806.79265387
0
25838.652891714
0
25870.513129559
0
25902.373367403
0
25934.233605247
0
25966.093843091
0
25997.954080936
0
26029.81431878
0
26061.674556624
0
26093.534794469
0
26125.395032313
0
26157.255270157
0
26189.115508001
0
26220.975745846
0
26252.83598369
0
26284.696221534
0
26316.556459379
0
26348.416697223
0
26380.276935067
0
26412.137172911
0
26443.997410756
0
26475.8576486
0
26507.717886444
0
26539.578124289
0
26571.438362133
0
26603.298599977
0
26635.158837821
0
26667.019075666
0
26698.87931351
0
26730.739551354
0
26762.599789199
0
26794.460027043
0
26826.320264887
0
26858.180502731
0
26890.040740576
0
26921.90097842
0
26953.761216264
0
26985.621454109
0
27017.481691953
0
27049.341929797
0
27081.202167641
8.0745830489361E-13
27113.062405486
5.9146838031907
27144.92264333
11.823530527555
27176.782881174
17.720708854762
27208.643119019
23.600398981776
27240.503356863
29.456798364305
27272.363594707
35.284127443211
27304.223832551
41.076635348236
27336.084070396
46.828605573414
27367.94430824
52.534361618576
27399.804546084
58.188272591372
27431.664783929
63.784758764276
27463.525021773
69.318297081107
27495.385259617
74.783426607616
27527.245497461
80.174753920778
27559.105735306
85.486958431435
27590.96597315
90.714797635086
27622.826210994
95.853112285601
27654.686448839
100.89683148678
27686.546686683
105.8409776967
27718.406924527
110.68067163997
27750.267162371
115.41113712297
27782.127400216
120.02770574738
27813.98763806
124.52582151735
27845.847875904
128.90104533566
27877.708113749
133.14905938463
27909.568351593
137.26567138728
27941.428589437
141.24681874455
27973.288827281
145.08857254465
28005.149065126
148.78714144041
28037.00930297
152.33887539086
28068.869540814
155.74026926339
28100.729778659
158.98796629291
28132.590016503
162.07876139454
28164.450254347
165.00960432669
28196.310492191
167.77760270122
28228.170730036
170.38002483791
28260.03096788
172.81430246032
28291.891205724
175.07803323033
28323.751443568
177.16898311897
28355.611681413
179.08508861113
28387.471919257
180.82445874205
28419.332157101
182.38537696338
28451.192394946
183.76630283731
28483.05263279
184.96587355671
28514.912870634
185.98290529011
28546.773108478
186.81639434998
28578.633346323
187.46551818324
28610.493584167
187.92963618304
28642.353822011
188.20829032095
28674.214059856
188.30120559897
28706.0742977
188.20829032095
28737.934535544
187.92963618304
28769.794773388
187.46551818324
28801.655011233
186.81639434998
28833.515249077
185.98290529011
28865.375486921
184.96587355671
28897.235724766
183.76630283731
28929.09596261
182.38537696338
28960.956200454
180.82445874205
28992.816438298
179.08508861113
29024.676676143
177.16898311896
29056.536913987
175.07803323033
29088.397151831
172.81430246032
29120.257389676
170.38002483791
29152.11762752
167.77760270122
29183.977865364
165.00960432669
29215.838103208
162.07876139454
29247.698341053
158.98796629291
29279.558578897
155.74026926339
29311.418816741
152.33887539086
29343.279054586
148.78714144041
29375.13929243
145.08857254465
29406.999530274
141.24681874455
29438.859768118
137.26567138728
29470.720005963
133.14905938463
29502.580243807
128.90104533566
29534.440481651
124.52582151735
29566.300719496
120.02770574738
29598.16095734
115.41113712297
29630.021195184
110.68067163997
29661.881433028
105.8409776967
29693.741670873
100.89683148678
29725.601908717
95.8531122856
29757.462146561
90.714797635085
29789.322384406
85.486958431434
29821.18262225
80.174753920778
29853.042860094
74.783426607616
29884.903097938
69.318297081105
29916.763335783
63.784758764275
29948.623573627
58.188272591372
29980.483811471
52.534361618576
30012.344049316
46.828605573413
30044.20428716
41.076635348236
30076.064525004
35.284127443212
30107.924762848
29.456798364305
30139.785000693
23.600398981775
30171.645238537
17.72070885476
30203.505476381
11.823530527555
30235.365714226
5.9146838031898
30267.22595207
0
30299.086189914
0
30330.946427758
0
30362.806665603
0
30394.666903447
0
30426.527141291
0
30458.387379136
0
30490.24761698
0
30522.107854824
0
30553.968092668
0
30585.828330513
0
30617.688568357
0
30649.548806201
0
30681.409044046
0
30713.26928189
0
30745.129519734
0
30776.989757578
0
30808.849995423
0
30840.710233267
0
30872.570471111
0
30904.430708955
0
30936.2909468
0
30968.151184644
0
31000.011422488
0
31031.871660333
0
31063.731898177
0
31095.592136021
0
31127.452373865
0
31159.31261171
0
31191.172849554
0
31223.033087398
0
31254.893325243
0
31286.753563087
0
31318.613800931
0
31350.474038775
0
31382.33427662
0
31414.194514464
0
31446.054752308
0
31477.914990153
0
31509.775227997
0
31541.635465841
0
31573.495703685
0
31605.35594153
0
31637.216179374
0
31669.076417218
0
31700.936655063
0
31732.796892907
0
31764.657130751
0
31796.517368595
0
31828.37760644
0
