0
188.30120559897
31.860237844284
188.20829032095
63.720475688568
187.92963618304
95.580713532852
187.46551818324
127.44095137714
186.81639434998
159.30118922142
185.98290529011
191.1614270657
184.96587355671
223.02166490999
183.76630283731
254.88190275427
182.38537696338
286.74214059856
180.82445874205
318.60237844284
179.08508861113
350.46261628712
177.16898311897
382.32285413141
175.07803323033
414.18309197569
172.81430246032
446.04332981998
170.38002483791
477.90356766426
167.77760270122
509.76380550854
165.00960432669
541.62404335283
162.07876139454
573.48428119711
158.98796629291
605.3445190414
155.74026926339
637.20475688568
152.33887539086
669.06499472996
148.78714144041
700.92523257425
145.08857254465
732.78547041853
141.24681874455
764.64570826282
137.26567138728
796.5059461071
133.14905938463
828.36618395138
128.90104533566
860.22642179567
124.52582151735
892.08665963995
120.02770574738
923.94689748424
115.41113712297
955.80713532852
110.68067163997
987.6673731728
105.8409776967
1019.5276110171
100.89683148678
1051.3878488614
95.853112285601
1083.2480867057
90.714797635086
1115.1083245499
85.486958431435
1146.9685623942
80.174753920778
1178.8288002385
74.783426607616
1210.6890380828
69.318297081106
1242.5492759271
63.784758764276
1274.4095137714
58.188272591372
1306.2697516156
52.534361618577
1338.1299894599
46.828605573414
1369.9902273042
41.076635348236
1401.8504651485
35.284127443211
1433.7107029928
29.456798364305
1465.5709408371
23.600398981776
1497.4311786813
17.720708854762
1529.2914165256
11.823530527555
1561.1516543699
5.9146838031903
1593.0118922142
0
1624.8721300585
0
1656.7323679028
0
1688.5926057471
0
1720.4528435913
0
1752.3130814356
0
1784.1733192799
0
1816.0335571242
0
1847.8937949685
0
1879.7540328128
0
1911.614270657
0
1943.4745085013
0
1975.3347463456
0
2007.1949841899
0
2039.0552220342
0
2070.9154598785
0
2102.7756977227
0
2134.635935567
0
2166.4961734113
0
2198.3564112556
0
2230.2166490999
0
2262.0768869442
0
2293.9371247884
0
2325.7973626327
0
2357.657600477
0
2389.5178383213
0
2421.3780761656
0
2453.2383140099
0
2485.0985518542
0
2516.9587896984
0
2548.8190275427
0
2580.679265387
0
2612.5395032313
0
2644.3997410756
0
2676.2599789199
0
2708.1202167641
0
2739.9804546084
0
2771.8406924527
0
2803.700930297
0
2835.5611681413
0
2867.4214059856
0
2899.2816438298
0
2931.1418816741
0
2963.0021195184
0
2994.8623573627
0
3026.722595207
0
3058.5828330513
0
3090.4430708956
0
3122.3033087398
0
3154.1635465841
0
3186.0237844284
0
3217.8840222727
0
3249.744260117
0
3281.6044979613
0
3313.4647358055
0
3345.3249736498
0
3377.1852114941
0
3409.0454493384
0
3440.9056871827
0
3472.765925027
0
3504.6261628712
0
3536.4864007155
0
3568.3466385598
0
3600.2068764041
0
3632.0671142484
0
3663.9273520927
0
3695.7875899369
0
3727.6478277812
0
3759.5080656255
0
3791.3683034698
0
3823.2285413141
0
3855.0887791584
0
3886.9490170027
0
3918.8092548469
0
3950.6694926912
0
3982.5297305355
0
4014.3899683798
0
4046.2502062241
0
4078.1104440684
0
4109.9706819126
0
4141.8309197569
0
4173.6911576012
0
4205.5513954455
0
4237.4116332898
0
4269.2718711341
0
4301.1321089783
0
4332.9923468226
0
4364.8525846669
0
4396.7128225112
0
4428.5730603555
0
4460.4332981998
0
4492.293536044
0
4524.1537738883
0
4556.0140117326
0
4587.8742495769
0
4619.7344874212
0
4651.5947252655
0
4683.4549631098
0
4715.315200954
0
4747.1754387983
0
4779.0356766426
1.3265469690967E-13
4810.8959144869
5.9146838031902
4842.7561523312
11.823530527555
4874.6163901755
17.720708854762
4906.4766280197
23.600398981776
4938.336865864
29.456798364305
4970.1971037083
35.284127443212
5002.0573415526
41.076635348236
5033.9175793969
46.828605573414
5065.7778172412
52.534361618577
5097.6380550854
58.188272591372
5129.4982929297
63.784758764276
5161.358530774
69.318297081106
5193.2187686183
74.783426607616
5225.0790064626
80.174753920778
5256.9392443069
85.486958431435
5288.7994821511
90.714797635086
5320.6597199954
95.853112285601
5352.5199578397
100.89683148678
5384.380195684
105.8409776967
5416.2404335283
110.68067163997
5448.1006713726
115.41113712297
5479.9609092169
120.02770574738
5511.8211470611
124.52582151735
5543.6813849054
128.90104533566
5575.5416227497
133.14905938463
5607.401860594
137.26567138728
5639.2620984383
141.24681874455
5671.1223362826
145.08857254465
5702.9825741268
148.78714144041
5734.8428119711
152.33887539086
5766.7030498154
155.74026926339
5798.5632876597
158.98796629291
5830.423525504
162.07876139454
5862.2837633483
165.00960432669
5894.1440011925
167.77760270122
5926.0042390368
170.38002483791
5957.8644768811
172.81430246032
5989.7247147254
175.07803323033
6021.5849525697
177.16898311897
6053.445190414
179.08508861113
6085.3054282582
180.82445874205
6117.1656661025
182.38537696338
6149.0259039468
183.76630283731
6180.8861417911
184.96587355671
6212.7463796354
185.98290529011
6244.6066174797
186.81639434998
6276.466855324
187.46551818324
6308.3270931682
187.92963618304
6340.1873310125
188.20829032095
6372.0475688568
188.30120559897
6403.9078067011
188.20829032095
6435.7680445454
187.92963618304
6467.6282823897
187.46551818324
6499.4885202339
186.81639434998
6531.3487580782
185.98290529011
6563.2089959225
184.96587355671
6595.0692337668
183.76630283731
6626.9294716111
182.38537696338
6658.7897094554
180.82445874205
6690.6499472996
179.08508861113
6722.5101851439
177.16898311897
6754.3704229882
175.07803323033
6786.2306608325
172.81430246032
6818.0908986768
170.38002483791
6849.9511365211
167.77760270122
6881.8113743653
165.00960432669
6913.6716122096
162.07876139454
6945.5318500539
158.98796629291
6977.3920878982
155.74026926339
7009.2523257425
152.33887539086
7041.1125635868
148.78714144041
7072.9728014311
145.08857254465
7104.8330392753
141.24681874455
7136.6932771196
137.26567138728
7168.5535149639
133.14905938463
7200.4137528082
128.90104533566
7232.2739906525
124.52582151735
7264.1342284968
120.02770574738
7295.994466341
115.41113712297
7327.8547041853
110.68067163997
7359.7149420296
105.8409776967
7391.5751798739
100.89683148678
7423.4354177182
95.8531122856
7455.2956555625
90.714797635086
7487.1558934067
85.486958431435
7519.016131251
80.174753920778
7550.8763690953
74.783426607616
7582.7366069396
69.318297081106
7614.5968447839
63.784758764276
7646.4570826282
58.188272591372
7678.3173204724
52.534361618576
7710.1775583167
46.828605573414
7742.037796161
41.076635348236
7773.8980340053
35.284127443211
7805.7582718496
29.456798364305
7837.6185096939
23.600398981776
7869.4787475382
17.720708854762
7901.3389853824
11.823530527555
7933.1992232267
5.9146838031902
7965.059461071
0
7996.9196989153
0
8028.7799367596
0
8060.6401746039
0
8092.5004124481
0
8124.3606502924
0
8156.2208881367
0
8188.081125981
0
8219.9413638253
0
8251.8016016696
0
8283.6618395138
0
8315.5220773581
0
8347.3823152024
0
8379.2425530467
0
8411.102790891
0
8442.9630287353
0
8474.8232665795
0
8506.6835044238
0
8538.5437422681
0
8570.4039801124
0
8602.2642179567
0
8634.124455801
0
8665.9846936453
0
8697.8449314895
0
8729.7051693338
0
8761.5654071781
0
8793.4256450224
0
8825.2858828667
0
8857.146120711
0
8889.0063585552
0
8920.8665963995
0
8952.7268342438
0
8984.5870720881
0
9016.4473099324
0
9048.3075477767
0
9080.1677856209
0
9112.0280234652
0
9143.8882613095
0
9175.7484991538
0
9207.6087369981
0
9239.4689748424
0
9271.3292126867
0
9303.1894505309
0
9335.0496883752
0
9366.9099262195
0
9398.7701640638
0
9430.6304019081
0
9462.4906397524
0
9494.3508775966
0
9526.2111154409
0
9558.0713532852
0
9589.9315911295
0
9621.7918289738
0
9653.6520668181
0
9685.5123046623
0
9717.3725425066
0
9749.2327803509
0
9781.0930181952
0
9812.9532560395
0
9844.8134938838
0
9876.673731728
0
9908.5339695723
0
9940.3942074166
0
9972.2544452609
0
10004.114683105
0
10035.974920949
0
10067.835158794
0
10099.695396638
0
10131.555634482
0
10163.415872327
0
10195.276110171
0
10227.136348015
0
10258.996585859
0
10290.856823704
0
10322.717061548
0
10354.577299392
0
10386.437537237
0
10418.297775081
0
10450.158012925
0
10482.018250769
0
10513.878488614
0
10545.738726458
0
10577.598964302
0
10609.459202147
0
10641.319439991
0
10673.179677835
0
10705.039915679
0
10736.900153524
0
10768.760391368
0
10800.620629212
0
10832.480867057
0
10864.341104901
0
10896.201342745
0
10928.061580589
0
10959.921818434
0
10991.782056278
0
11023.642294122
0
11055.502531967
0
11087.362769811
0
11119.223007655
0
11151.083245499
2.5377927038371E-13
11182.943483344
5.9146838031902
11214.803721188
11.823530527556
11246.663959032
17.720708854762
11278.524196877
23.600398981776
11310.384434721
29.456798364305
11342.244672565
35.284127443212
11374.104910409
41.076635348236
11405.965148254
46.828605573414
11437.825386098
52.534361618576
11469.685623942
58.188272591372
11501.545861787
63.784758764276
11533.406099631
69.318297081106
11565.266337475
74.783426607617
11597.126575319
80.174753920778
11628.986813164
85.486958431435
11660.847051008
90.714797635085
11692.707288852
95.853112285601
11724.567526697
100.89683148678
11756.427764541
105.8409776967
11788.288002385
110.68067163997
11820.148240229
115.41113712297
11852.008478074
120.02770574738
11883.868715918
124.52582151735
11915.728953762
128.90104533566
11947.589191607
133.14905938463
11979.449429451
137.26567138728
12011.309667295
141.24681874455
12043.169905139
145.08857254465
12075.030142984
148.78714144041
12106.890380828
152.33887539086
12138.750618672
155.74026926339
12170.610856516
158.98796629291
12202.471094361
162.07876139454
12234.331332205
165.00960432669
12266.191570049
167.77760270122
12298.051807894
170.38002483791
12329.912045738
172.81430246032
12361.772283582
175.07803323033
12393.632521426
177.16898311897
12425.492759271
179.08508861113
12457.352997115
180.82445874205
12489.213234959
182.38537696338
12521.073472804
183.76630283731
12552.933710648
184.96587355671
12584.793948492
185.98290529011
12616.654186336
186.81639434998
12648.514424181
187.46551818324
12680.374662025
187.92963618304
12712.234899869
188.20829032095
12744.095137714
188.30120559897
12775.955375558
188.20829032095
12807.815613402
187.92963618304
12839.675851246
187.46551818324
12871.536089091
186.81639434998
12903.396326935
185.98290529011
12935.256564779
184.96587355671
12967.116802624
183.76630283731
12998.977040468
182.38537696338
13030.837278312
180.82445874205
13062.697516156
179.08508861113
13094.557754001
177.16898311897
13126.417991845
175.07803323033
13158.278229689
172.81430246032
13190.138467534
170.38002483791
13221.998705378
167.77760270122
13253.858943222
165.00960432669
13285.719181066
162.07876139454
13317.579418911
158.98796629291
13349.439656755
155.74026926339
13381.299894599
152.33887539086
13413.160132444
148.78714144041
13445.020370288
145.08857254465
13476.880608132
141.24681874455
13508.740845976
137.26567138728
13540.601083821
133.14905938463
13572.461321665
128.90104533566
13604.321559509
124.52582151735
13636.181797354
120.02770574738
13668.042035198
115.41113712297
13699.902273042
110.68067163997
13731.762510886
105.8409776967
13763.622748731
100.89683148678
13795.482986575
95.8531122856
13827.343224419
90.714797635085
13859.203462264
85.486958431435
13891.063700108
80.174753920778
13922.923937952
74.783426607616
13954.784175796
69.318297081106
13986.644413641
63.784758764275
14018.504651485
58.188272591372
14050.364889329
52.534361618577
14082.225127174
46.828605573413
14114.085365018
41.076635348236
14145.945602862
35.284127443211
14177.805840706
29.456798364305
14209.666078551
23.600398981775
14241.526316395
17.720708854762
14273.386554239
11.823530527555
14305.246792084
5.9146838031904
14337.107029928
0
14368.967267772
0
14400.827505616
0
14432.687743461
0
14464.547981305
0
14496.408219149
0
14528.268456994
0
14560.128694838
0
14591.988932682
0
14623.849170526
0
14655.709408371
0
14687.569646215
0
14719.429884059
0
14751.290121904
0
14783.150359748
0
14815.010597592
0
14846.870835436
0
14878.731073281
0
14910.591311125
0
14942.451548969
0
14974.311786813
0
15006.172024658
0
15038.032262502
0
15069.892500346
0
15101.752738191
0
15133.612976035
0
15165.473213879
0
15197.333451723
0
15229.193689568
0
15261.053927412
0
15292.914165256
0
15324.774403101
0
15356.634640945
0
15388.494878789
0
15420.355116633
0
15452.215354478
0
15484.075592322
0
15515.935830166
0
15547.796068011
0
15579.656305855
0
15611.516543699
0
15643.376781543
0
15675.237019388
0
15707.097257232
0
15738.957495076
0
15770.817732921
0
15802.677970765
0
15834.538208609
0
15866.398446453
0
15898.258684298
0
15930.118922142
0
15961.979159986
0
15993.839397831
0
16025.699635675
0
16057.559873519
0
16089.420111363
0
16121.280349208
0
16153.140587052
0
16185.000824896
0
16216.861062741
0
16248.721300585
0
16280.581538429
0
16312.441776273
0
16344.302014118
0
16376.162251962
0
16408.022489806
0
16439.882727651
0
16471.742965495
0
16503.603203339
0
16535.463441183
0
16567.323679028
0
16599.183916872
0
16631.044154716
0
16662.904392561
0
16694.764630405
0
16726.624868249
0
16758.485106093
0
16790.345343938
0
16822.205581782
0
16854.065819626
0
16885.926057471
0
16917.786295315
0
16949.646533159
0
16981.506771003
0
17013.367008848
0
17045.227246692
0
17077.087484536
0
17108.947722381
0
17140.807960225
0
17172.668198069
0
17204.528435913
0
17236.388673758
0
17268.248911602
0
17300.109149446
0
17331.969387291
0
17363.829625135
0
17395.689862979
0
17427.550100823
0
17459.410338668
0
17491.270576512
0
17523.130814356
0
17554.9910522
5.9146838031901
17586.851290045
11.823530527555
17618.711527889
17.720708854762
17650.571765733
23.600398981776
17682.432003578
29.456798364306
17714.292241422
35.284127443212
17746.152479266
41.076635348236
17778.01271711
46.828605573414
17809.872954955
52.534361618577
17841.733192799
58.188272591373
17873.593430643
63.784758764276
17905.453668488
69.318297081106
17937.313906332
74.783426607617
17969.174144176
80.174753920778
18001.03438202
85.486958431435
18032.894619865
90.714797635086
18064.754857709
95.853112285601
18096.615095553
100.89683148678
18128.475333398
105.8409776967
18160.335571242
110.68067163997
18192.195809086
115.41113712297
18224.05604693
120.02770574738
18255.916284775
124.52582151735
18287.776522619
128.90104533566
18319.636760463
133.14905938463
18351.496998308
137.26567138728
18383.357236152
141.24681874455
18415.217473996
145.08857254465
18447.07771184
148.78714144041
18478.937949685
152.33887539086
18510.798187529
155.74026926339
18542.658425373
158.98796629291
18574.518663218
162.07876139454
18606.378901062
165.00960432669
18638.239138906
167.77760270122
18670.09937675
170.38002483791
18701.959614595
172.81430246032
18733.819852439
175.07803323033
18765.680090283
177.16898311897
18797.540328128
179.08508861113
18829.400565972
180.82445874205
18861.260803816
182.38537696338
18893.12104166
183.76630283731
18924.981279505
184.96587355671
18956.841517349
185.98290529011
18988.701755193
186.81639434998
19020.561993038
187.46551818324
19052.422230882
187.92963618304
19084.282468726
188.20829032095
19116.14270657
188.30120559897
19148.002944415
188.20829032095
19179.863182259
187.92963618304
19211.723420103
187.46551818324
19243.583657948
186.81639434998
19275.443895792
185.98290529011
19307.304133636
184.96587355671
19339.16437148
183.76630283731
19371.024609325
182.38537696338
19402.884847169
180.82445874205
19434.745085013
179.08508861113
19466.605322858
177.16898311896
19498.465560702
175.07803323033
19530.325798546
172.81430246032
19562.18603639
170.38002483791
19594.046274235
167.77760270122
19625.906512079
165.00960432669
19657.766749923
162.07876139454
19689.626987768
158.98796629291
19721.487225612
155.74026926339
19753.347463456
152.33887539086
19785.2077013
148.78714144041
19817.067939145
145.08857254465
19848.928176989
141.24681874455
19880.788414833
137.26567138728
19912.648652678
133.14905938463
19944.508890522
128.90104533566
19976.369128366
124.52582151735
20008.22936621
120.02770574738
20040.089604055
115.41113712297
20071.949841899
110.68067163997
20103.810079743
105.8409776967
20135.670317588
100.89683148678
20167.530555432
95.8531122856
20199.390793276
90.714797635085
20231.25103112
85.486958431435
20263.111268965
80.174753920778
20294.971506809
74.783426607616
20326.831744653
69.318297081105
20358.691982497
63.784758764275
20390.552220342
58.188272591372
20422.412458186
52.534361618576
20454.27269603
46.828605573413
20486.132933875
41.076635348236
20517.993171719
35.284127443211
20549.853409563
29.456798364304
20581.713647407
23.600398981775
20613.573885252
17.720708854762
20645.434123096
11.823530527555
20677.29436094
5.9146838031897
20709.154598785
0
20741.014836629
0
20772.875074473
0
20804.735312317
0
20836.595550162
0
20868.455788006
0
20900.31602585
0
20932.176263695
0
20964.036501539
0
20995.896739383
0
21027.756977227
0
21059.617215072
0
21091.477452916
0
21123.33769076
0
21155.197928605
0
21187.058166449
0
21218.918404293
0
21250.778642137
0
21282.638879982
0
21314.499117826
0
21346.35935567
0
21378.219593515
0
21410.079831359
0
21441.940069203
0
21473.800307047
0
21505.660544892
0
21537.520782736
0
21569.38102058
0
21601.241258425
0
21633.101496269
0
21664.961734113
0
21696.821971957
0
21728.682209802
0
21760.542447646
0
21792.40268549
0
21824.262923335
0
21856.123161179
0
21887.983399023
0
21919.843636867
0
21951.703874712
0
21983.564112556
0
22015.4243504
0
22047.284588245
0
22079.144826089
0
22111.005063933
0
22142.865301777
0
22174.725539622
0
22206.585777466
0
22238.44601531
0
22270.306253155
0
22302.166490999
0
22334.026728843
0
22365.886966687
0
22397.747204532
0
22429.607442376
0
22461.46768022
0
22493.327918065
0
22525.188155909
0
22557.048393753
0
22588.908631597
0
22620.768869442
0
22652.629107286
0
22684.48934513
0
22716.349582975
0
22748.209820819
0
22780.070058663
0
22811.930296507
0
22843.790534352
0
22875.650772196
0
22907.51101004
0
22939.371247884
0
22971.231485729
0
23003.091723573
0
23034.951961417
0
23066.812199262
0
23098.672437106
0
23130.53267495
0
23162.392912794
0
23194.253150639
0
23226.113388483
0
23257.973626327
0
23289.833864172
0
23321.694102016
0
23353.55433986
0
23385.414577704
0
23417.274815549
0
23449.135053393
0
23480.995291237
0
23512.855529082
0
23544.715766926
0
23576.57600477
0
23608.436242614
0
23640.296480459
0
23672.156718303
0
23704.016956147
0
23735.877193992
0
23767.737431836
0
23799.59766968
0
23831.457907524
0
23863.318145369
0
23895.178383213
8.3051855176485E-13
23927.038621057
5.9146838031908
23958.898858902
11.823530527555
23990.759096746
17.720708854762
24022.61933459
23.600398981776
24054.479572434
29.456798364305
24086.339810279
35.284127443211
24118.200048123
41.076635348236
24150.060285967
46.828605573414
24181.920523812
52.534361618576
24213.780761656
58.188272591372
24245.6409995
63.784758764276
24277.501237344
69.318297081107
24309.361475189
74.783426607617
24341.221713033
80.174753920778
24373.081950877
85.486958431435
24404.942188722
90.714797635086
24436.802426566
95.853112285601
24468.66266441
100.89683148678
24500.522902254
105.8409776967
24532.383140099
110.68067163997
24564.243377943
115.41113712297
24596.103615787
120.02770574738
24627.963853632
124.52582151735
24659.824091476
128.90104533566
24691.68432932
133.14905938463
24723.544567164
137.26567138728
24755.404805009
141.24681874455
24787.265042853
145.08857254465
24819.125280697
148.78714144041
24850.985518542
152.33887539086
24882.845756386
155.74026926339
24914.70599423
158.98796629291
24946.566232074
162.07876139454
24978.426469919
165.00960432669
25010.286707763
167.77760270122
25042.146945607
170.38002483791
25074.007183452
172.81430246032
25105.867421296
175.07803323033
25137.72765914
177.16898311897
25169.587896984
179.08508861113
25201.448134829
180.82445874205
25233.308372673
182.38537696338
25265.168610517
183.76630283731
25297.028848362
184.96587355671
25328.889086206
185.98290529011
25360.74932405
186.81639434998
25392.609561894
187.46551818324
25424.469799739
187.92963618304
25456.330037583
188.20829032095
25488.190275427
188.30120559897
25520.050513271
188.20829032095
25551.910751116
187.92963618304
25583.77098896
187.46551818324
25615.631226804
186.81639434998
25647.491464649
185.98290529011
25679.351702493
184.96587355671
25711.211940337
183.76630283731
25743.072178181
182.38537696338
25774.932416026
180.82445874205
25806.79265387
179.08508861113
25838.652891714
177.16898311896
25870.513129559
175.07803323033
25902.373367403
172.81430246032
25934.233605247
170.38002483791
25966.093843091
167.77760270122
25997.954080936
165.00960432669
26029.81431878
162.07876139454
26061.674556624
158.98796629291
26093.534794469
155.74026926339
26125.395032313
152.33887539086
26157.255270157
148.78714144041
26189.115508001
145.08857254465
26220.975745846
141.24681874455
26252.83598369
137.26567138728
26284.696221534
133.14905938463
26316.556459379
128.90104533566
26348.416697223
124.52582151735
26380.276935067
120.02770574738
26412.137172911
115.41113712297
26443.997410756
110.68067163997
26475.8576486
105.8409776967
26507.717886444
100.89683148678
26539.578124289
95.8531122856
26571.438362133
90.714797635085
26603.298599977
85.486958431434
26635.158837821
80.174753920778
26667.019075666
74.783426607616
26698.87931351
69.318297081105
26730.739551354
63.784758764275
26762.599789199
58.188272591372
26794.460027043
52.534361618576
26826.320264887
46.828605573413
26858.180502731
41.076635348236
26890.040740576
35.284127443212
26921.90097842
29.456798364305
26953.761216264
23.600398981775
26985.621454109
17.72070885476
27017.481691953
11.823530527555
27049.341929797
5.9146838031898
27081.202167641
0
27113.062405486
0
27144.92264333
0
27176.782881174
0
27208.643119019
0
27240.503356863
0
27272.363594707
0
27304.223832551
0
27336.084070396
0
27367.94430824
0
27399.804546084
0
27431.664783929
0
27463.525021773
0
27495.385259617
0
27527.245497461
0
27559.105735306
0
27590.96597315
0
27622.826210994
0
27654.686448839
0
27686.546686683
0
27718.406924527
0
27750.267162371
0
27782.127400216
0
27813.98763806
0
27845.847875904
0
27877.708113749
0
27909.568351593
0
27941.428589437
0
27973.288827281
0
28005.149065126
0
28037.00930297
0
28068.869540814
0
28100.729778659
0
28132.590016503
0
28164.450254347
0
28196.310492191
0
28228.170730036
0
28260.03096788
0
28291.891205724
0
28323.751443568
0
28355.611681413
0
28387.471919257
0
28419.332157101
0
28451.192394946
0
28483.05263279
0
28514.912870634
0
28546.773108478
0
28578.633346323
0
28610.493584167
0
28642.353822011
0
28674.214059856
0
28706.0742977
0
28737.934535544
0
28769.794773388
0
28801.655011233
0
28833.515249077
0
28865.375486921
0
28897.235724766
0
28929.09596261
0
28960.956200454
0
28992.816438298
0
29024.676676143
0
29056.536913987
0
29088.397151831
0
29120.257389676
0
29152.11762752
0
29183.977865364
0
29215.838103208
0
29247.698341053
0
29279.558578897
0
29311.418816741
0
29343.279054586
0
29375.13929243
0
29406.999530274
0
29438.859768118
0
29470.720005963
0
29502.580243807
0
29534.440481651
0
29566.300719496
0
29598.16095734
0
29630.021195184
0
29661.881433028
0
29693.741670873
0
29725.601908717
0
29757.462146561
0
29789.322384406
0
29821.18262225
0
29853.042860094
0
29884.903097938
0
29916.763335783
0
29948.623573627
0
29980.483811471
0
30012.344049316
0
30044.20428716
0
30076.064525004
0
30107.924762848
0
30139.785000693
0
30171.645238537
0
30203.505476381
0
30235.365714226
0
30267.22595207
7.8439805802237E-13
30299.086189914
5.9146838031907
30330.946427758
11.823530527555
30362.806665603
17.720708854762
30394.666903447
23.600398981776
30426.527141291
29.456798364305
30458.387379136
35.284127443211
30490.24761698
41.076635348236
30522.107854824
46.828605573414
30553.968092668
52.534361618576
30585.828330513
58.188272591373
30617.688568357
63.784758764276
30649.548806201
69.318297081107
30681.409044046
74.783426607616
30713.26928189
80.174753920778
30745.129519734
85.486958431435
30776.989757578
90.714797635086
30808.849995423
95.853112285601
30840.710233267
100.89683148678
30872.570471111
105.8409776967
30904.430708955
110.68067163997
30936.2909468
115.41113712297
30968.151184644
120.02770574738
31000.011422488
124.52582151735
31031.871660333
128.90104533566
31063.731898177
133.14905938463
31095.592136021
137.26567138728
31127.452373865
141.24681874455
31159.31261171
145.08857254465
31191.172849554
148.78714144041
31223.033087398
152.33887539086
31254.893325243
155.74026926339
31286.753563087
158.98796629291
31318.613800931
162.07876139454
31350.474038775
165.00960432669
31382.33427662
167.77760270122
31414.194514464
170.38002483791
31446.054752308
172.81430246032
31477.914990153
175.07803323033
31509.775227997
177.16898311897
31541.635465841
179.08508861113
31573.495703685
180.82445874205
31605.35594153
182.38537696338
31637.216179374
183.76630283731
31669.076417218
184.96587355671
31700.936655063
185.98290529011
31732.796892907
186.81639434998
31764.657130751
187.46551818324
31796.517368595
187.92963618304
31828.37760644
188.20829032095
