0
188.30120559897
1.8000015203962
188.20829032095
3.6000030407925
187.92963618304
5.4000045611887
187.46551818324
7.200006081585
186.81639434998
9.0000076019812
185.98290529011
10.800009122377
184.96587355671
12.600010642774
183.76630283731
14.40001216317
182.38537696338
16.200013683566
180.82445874205
18.000015203962
179.08508861113
19.800016724359
177.16898311897
21.600018244755
175.07803323033
23.400019765151
172.81430246032
25.200021285547
170.38002483791
27.000022805944
167.77760270122
28.80002432634
165.00960432669
30.600025846736
162.07876139454
32.400027367132
158.98796629291
34.200028887529
155.74026926339
36.000030407925
152.33887539086
37.800031928321
148.78714144041
39.600033448717
145.08857254465
41.400034969114
141.24681874455
43.20003648951
137.26567138728
45.000038009906
133.14905938463
46.800039530302
128.90104533566
48.600041050699
124.52582151735
50.400042571095
120.02770574738
52.200044091491
115.41113712297
54.000045611887
110.68067163997
55.800047132283
105.8409776967
57.60004865268
100.89683148678
59.400050173076
95.853112285601
61.200051693472
90.714797635086
63.000053213868
85.486958431435
64.800054734265
80.174753920778
66.600056254661
74.783426607616
68.400057775057
69.318297081106
70.200059295453
63.784758764276
72.00006081585
58.188272591372
73.800062336246
52.534361618577
75.600063856642
46.828605573414
77.400065377038
41.076635348236
79.200066897435
35.284127443211
81.000068417831
29.456798364305
82.800069938227
23.600398981776
84.600071458623
17.720708854762
86.40007297902
11.823530527555
88.200074499416
5.9146838031903
90.000076019812
0
91.800077540208
0
93.600079060605
0
95.400080581001
0
97.200082101397
0
99.000083621793
0
100.80008514219
0
102.60008666259
0
104.40008818298
0
106.20008970338
0
108.00009122377
0
109.80009274417
0
111.60009426457
0
113.40009578496
0
115.20009730536
0
117.00009882576
0
118.80010034615
0
120.60010186655
0
122.40010338694
0
124.20010490734
0
126.00010642774
0
127.80010794813
0
129.60010946853
0
131.40011098893
0
133.20011250932
0
135.00011402972
0
136.80011555011
0
138.60011707051
0
140.40011859091
0
142.2001201113
0
144.0001216317
0
145.8001231521
0
147.60012467249
0
149.40012619289
0
151.20012771328
0
153.00012923368
0
154.80013075408
0
156.60013227447
0
158.40013379487
0
160.20013531527
0
162.00013683566
0
163.80013835606
0
165.60013987645
0
167.40014139685
0
169.20014291725
0
171.00014443764
0
172.80014595804
0
174.60014747844
0
176.40014899883
0
178.20015051923
0
180.00015203962
0
181.80015356002
0
183.60015508042
0
185.40015660081
0
187.20015812121
0
189.00015964161
0
190.800161162
0
192.6001626824
0
194.40016420279
0
196.20016572319
0
198.00016724359
0
199.80016876398
0
201.60017028438
0
203.40017180478
0
205.20017332517
0
207.00017484557
0
208.80017636596
0
210.60017788636
0
212.40017940676
0
214.20018092715
0
216.00018244755
0
217.80018396795
0
219.60018548834
0
221.40018700874
0
223.20018852913
0
225.00019004953
0
226.80019156993
0
228.60019309032
0
230.40019461072
0
232.20019613112
0
234.00019765151
0
235.80019917191
0
237.6002006923
0
239.4002022127
0
241.2002037331
0
243.00020525349
0
244.80020677389
0
246.60020829429
0
248.40020981468
0
250.20021133508
0
252.00021285547
0
253.80021437587
0
255.60021589627
0
257.40021741666
0
259.20021893706
0
261.00022045746
0
262.80022197785
0
264.60022349825
0
266.40022501864
0
268.20022653904
0
270.00022805944
1.3265469690967E-13
271.80022957983
5.9146838031902
273.60023110023
11.823530527555
275.40023262062
17.720708854762
277.20023414102
23.600398981776
279.00023566142
29.456798364305
280.80023718181
35.284127443212
282.60023870221
41.076635348236
284.40024022261
46.828605573414
286.200241743
52.534361618577
288.0002432634
58.188272591372
289.80024478379
63.784758764276
291.60024630419
69.318297081106
293.40024782459
74.783426607616
295.20024934498
80.174753920778
297.00025086538
85.486958431435
298.80025238578
90.714797635086
300.60025390617
95.853112285601
302.40025542657
100.89683148678
304.20025694696
105.8409776967
306.00025846736
110.68067163997
307.80025998776
115.41113712297
309.60026150815
120.02770574738
311.40026302855
124.52582151735
313.20026454895
128.90104533566
315.00026606934
133.14905938463
316.80026758974
137.26567138728
318.60026911013
141.24681874455
320.40027063053
145.08857254465
322.20027215093
148.78714144041
324.00027367132
152.33887539086
325.80027519172
155.74026926339
327.60027671212
158.98796629291
329.40027823251
162.07876139454
331.20027975291
165.00960432669
333.0002812733
167.77760270122
334.8002827937
170.38002483791
336.6002843141
172.81430246032
338.40028583449
175.07803323033
340.20028735489
177.16898311897
342.00028887529
179.08508861113
343.80029039568
180.82445874205
345.60029191608
182.38537696338
347.40029343647
183.76630283731
349.20029495687
184.96587355671
351.00029647727
185.98290529011
352.80029799766
186.81639434998
354.60029951806
187.46551818324
356.40030103846
187.92963618304
358.20030255885
188.20829032095
360.00030407925
188.30120559897
361.80030559964
188.20829032095
363.60030712004
187.92963618304
365.40030864044
187.46551818324
367.20031016083
186.81639434998
369.00031168123
185.98290529011
370.80031320163
184.96587355671
372.60031472202
183.76630283731
374.40031624242
182.38537696338
376.20031776281
180.82445874205
378.00031928321
179.08508861113
379.80032080361
177.16898311897
381.600322324
175.07803323033
383.4003238444
172.81430246032
385.2003253648
170.38002483791
387.00032688519
167.77760270122
388.80032840559
165.00960432669
390.60032992598
162.07876139454
392.40033144638
158.98796629291
394.20033296678
155.74026926339
396.00033448717
152.33887539086
397.80033600757
148.78714144041
399.60033752797
145.08857254465
401.40033904836
141.24681874455
403.20034056876
137.26567138728
405.00034208915
133.14905938463
406.80034360955
128.90104533566
408.60034512995
124.52582151735
410.40034665034
120.02770574738
412.20034817074
115.41113712297
414.00034969114
110.68067163997
415.80035121153
105.8409776967
417.60035273193
100.89683148678
419.40035425232
95.8531122856
421.20035577272
90.714797635086
423.00035729312
85.486958431435
424.80035881351
80.174753920778
426.60036033391
74.783426607616
428.40036185431
69.318297081106
430.2003633747
63.784758764276
432.0003648951
58.188272591372
433.80036641549
52.534361618576
435.60036793589
46.828605573414
437.40036945629
41.076635348236
439.20037097668
35.284127443211
441.00037249708
29.456798364305
442.80037401748
23.600398981776
444.60037553787
17.720708854762
446.40037705827
11.823530527555
448.20037857866
5.9146838031902
450.00038009906
0
451.80038161946
0
453.60038313985
0
455.40038466025
0
457.20038618065
0
459.00038770104
0
460.80038922144
0
462.60039074183
0
464.40039226223
0
466.20039378263
0
468.00039530302
0
469.80039682342
0
471.60039834382
0
473.40039986421
0
475.20040138461
0
477.000402905
0
478.8004044254
0
480.6004059458
0
482.40040746619
0
484.20040898659
0
486.00041050699
0
487.80041202738
0
489.60041354778
0
491.40041506817
0
493.20041658857
0
495.00041810897
0
496.80041962936
0
498.60042114976
0
500.40042267016
0
502.20042419055
0
504.00042571095
0
505.80042723134
0
507.60042875174
0
509.40043027214
0
511.20043179253
0
513.00043331293
0
514.80043483332
0
516.60043635372
0
518.40043787412
0
520.20043939451
0
522.00044091491
0
523.80044243531
0
525.6004439557
0
527.4004454761
0
529.20044699649
0
531.00044851689
0
532.80045003729
0
534.60045155768
0
536.40045307808
0
538.20045459848
0
540.00045611887
0
541.80045763927
0
543.60045915966
0
545.40046068006
0
547.20046220046
0
549.00046372085
0
550.80046524125
0
552.60046676165
0
554.40046828204
0
556.20046980244
0
558.00047132283
0
559.80047284323
0
561.60047436363
0
563.40047588402
0
565.20047740442
0
567.00047892482
0
568.80048044521
0
570.60048196561
0
572.400483486
0
574.2004850064
0
576.0004865268
0
577.80048804719
0
579.60048956759
0
581.40049108799
0
583.20049260838
0
585.00049412878
0
586.80049564917
0
588.60049716957
0
590.40049868997
0
592.20050021036
0
594.00050173076
0
595.80050325116
0
597.60050477155
0
599.40050629195
0
601.20050781234
0
603.00050933274
0
604.80051085314
0
606.60051237353
0
608.40051389393
0
610.20051541433
0
612.00051693472
0
613.80051845512
0
615.60051997551
0
617.40052149591
0
619.20052301631
0
621.0005245367
0
622.8005260571
0
624.6005275775
0
626.40052909789
0
628.20053061829
0
630.00053213868
2.5377927038371E-13
631.80053365908
5.9146838031902
633.60053517948
11.823530527556
635.40053669987
17.720708854762
637.20053822027
23.600398981776
639.00053974067
29.456798364305
640.80054126106
35.284127443212
642.60054278146
41.076635348236
644.40054430185
46.828605573414
646.20054582225
52.534361618576
648.00054734265
58.188272591372
649.80054886304
63.784758764276
651.60055038344
69.318297081106
653.40055190384
74.783426607617
655.20055342423
80.174753920778
657.00055494463
85.486958431435
658.80055646502
90.714797635085
660.60055798542
95.853112285601
662.40055950582
100.89683148678
664.20056102621
105.8409776967
666.00056254661
110.68067163997
667.80056406701
115.41113712297
669.6005655874
120.02770574738
671.4005671078
124.52582151735
673.20056862819
128.90104533566
675.00057014859
133.14905938463
676.80057166899
137.26567138728
678.60057318938
141.24681874455
680.40057470978
145.08857254465
682.20057623018
148.78714144041
684.00057775057
152.33887539086
685.80057927097
155.74026926339
687.60058079136
158.98796629291
689.40058231176
162.07876139454
691.20058383216
165.00960432669
693.00058535255
167.77760270122
694.80058687295
170.38002483791
696.60058839335
172.81430246032
698.40058991374
175.07803323033
700.20059143414
177.16898311897
702.00059295453
179.08508861113
703.80059447493
180.82445874205
705.60059599533
182.38537696338
707.40059751572
183.76630283731
709.20059903612
184.96587355671
711.00060055652
185.98290529011
712.80060207691
186.81639434998
714.60060359731
187.46551818324
716.4006051177
187.92963618304
718.2006066381
188.20829032095
720.0006081585
188.30120559897
721.80060967889
188.20829032095
723.60061119929
187.92963618304
725.40061271969
187.46551818324
727.20061424008
186.81639434998
729.00061576048
185.98290529011
730.80061728087
184.96587355671
732.60061880127
183.76630283731
734.40062032167
182.38537696338
736.20062184206
180.82445874205
738.00062336246
179.08508861113
739.80062488286
177.16898311897
741.60062640325
175.07803323033
743.40062792365
172.81430246032
745.20062944404
170.38002483791
747.00063096444
167.77760270122
748.80063248484
165.00960432669
750.60063400523
162.07876139454
752.40063552563
158.98796629291
754.20063704603
155.74026926339
756.00063856642
152.33887539086
757.80064008682
148.78714144041
759.60064160721
145.08857254465
761.40064312761
141.24681874455
763.20064464801
137.26567138728
765.0006461684
133.14905938463
766.8006476888
128.90104533566
768.6006492092
124.52582151735
770.40065072959
120.02770574738
772.20065224999
115.41113712297
774.00065377038
110.68067163997
775.80065529078
105.8409776967
777.60065681118
100.89683148678
779.40065833157
95.8531122856
781.20065985197
90.714797635085
783.00066137236
85.486958431435
784.80066289276
80.174753920778
786.60066441316
74.783426607616
788.40066593355
69.318297081106
790.20066745395
63.784758764275
792.00066897435
58.188272591372
793.80067049474
52.534361618577
795.60067201514
46.828605573413
797.40067353553
41.076635348236
799.20067505593
35.284127443211
801.00067657633
29.456798364305
802.80067809672
23.600398981775
804.60067961712
17.720708854762
806.40068113752
11.823530527555
808.20068265791
5.9146838031904
810.00068417831
0
811.8006856987
0
813.6006872191
0
815.4006887395
0
817.20069025989
0
819.00069178029
0
820.80069330069
0
822.60069482108
0
824.40069634148
0
826.20069786187
0
828.00069938227
0
829.80070090267
0
831.60070242306
0
833.40070394346
0
835.20070546386
0
837.00070698425
0
838.80070850465
0
840.60071002504
0
842.40071154544
0
844.20071306584
0
846.00071458623
0
847.80071610663
0
849.60071762703
0
851.40071914742
0
853.20072066782
0
855.00072218821
0
856.80072370861
0
858.60072522901
0
860.4007267494
0
862.2007282698
0
864.0007297902
0
865.80073131059
0
867.60073283099
0
869.40073435138
0
871.20073587178
0
873.00073739218
0
874.80073891257
0
876.60074043297
0
878.40074195337
0
880.20074347376
0
882.00074499416
0
883.80074651455
0
885.60074803495
0
887.40074955535
0
889.20075107574
0
891.00075259614
0
892.80075411654
0
894.60075563693
0
896.40075715733
0
898.20075867772
0
900.00076019812
0
901.80076171852
0
903.60076323891
0
905.40076475931
0
907.20076627971
0
909.0007678001
0
910.8007693205
0
912.60077084089
0
914.40077236129
0
916.20077388169
0
918.00077540208
0
919.80077692248
0
921.60077844288
0
923.40077996327
0
925.20078148367
0
927.00078300406
0
928.80078452446
0
930.60078604486
0
932.40078756525
0
934.20078908565
0
936.00079060605
0
937.80079212644
0
939.60079364684
0
941.40079516723
0
943.20079668763
0
945.00079820803
0
946.80079972842
0
948.60080124882
0
950.40080276922
0
952.20080428961
0
954.00080581001
0
955.8008073304
0
957.6008088508
0
959.4008103712
0
961.20081189159
0
963.00081341199
0
964.80081493239
0
966.60081645278
0
968.40081797318
0
970.20081949357
0
972.00082101397
0
973.80082253437
0
975.60082405476
0
977.40082557516
0
979.20082709556
0
981.00082861595
0
982.80083013635
0
984.60083165674
0
986.40083317714
0
988.20083469754
0
990.00083621793
0
991.80083773833
5.9146838031901
993.60083925873
11.823530527555
995.40084077912
17.720708854762
997.20084229952
23.600398981776
999.00084381991
29.456798364306
1000.8008453403
35.284127443212
1002.6008468607
41.076635348236
1004.4008483811
46.828605573414
1006.2008499015
52.534361618577
1008.0008514219
58.188272591373
1009.8008529423
63.784758764276
1011.6008544627
69.318297081106
1013.4008559831
74.783426607617
1015.2008575035
80.174753920778
1017.0008590239
85.486958431435
1018.8008605443
90.714797635086
1020.6008620647
95.853112285601
1022.4008635851
100.89683148678
1024.2008651055
105.8409776967
1026.0008666259
110.68067163997
1027.8008681463
115.41113712297
1029.6008696666
120.02770574738
1031.400871187
124.52582151735
1033.2008727074
128.90104533566
1035.0008742278
133.14905938463
1036.8008757482
137.26567138728
1038.6008772686
141.24681874455
1040.400878789
145.08857254465
1042.2008803094
148.78714144041
1044.0008818298
152.33887539086
1045.8008833502
155.74026926339
1047.6008848706
158.98796629291
1049.400886391
162.07876139454
1051.2008879114
165.00960432669
1053.0008894318
167.77760270122
1054.8008909522
170.38002483791
1056.6008924726
172.81430246032
1058.400893993
175.07803323033
1060.2008955134
177.16898311897
1062.0008970338
179.08508861113
1063.8008985542
180.82445874205
1065.6009000746
182.38537696338
1067.400901595
183.76630283731
1069.2009031154
184.96587355671
1071.0009046358
185.98290529011
1072.8009061562
186.81639434998
1074.6009076766
187.46551818324
1076.400909197
187.92963618304
1078.2009107173
188.20829032095
1080.0009122377
188.30120559897
1081.8009137581
188.20829032095
1083.6009152785
187.92963618304
1085.4009167989
187.46551818324
1087.2009183193
186.81639434998
1089.0009198397
185.98290529011
1090.8009213601
184.96587355671
1092.6009228805
183.76630283731
1094.4009244009
182.38537696338
1096.2009259213
180.82445874205
1098.0009274417
179.08508861113
1099.8009289621
177.16898311896
1101.6009304825
175.07803323033
1103.4009320029
172.81430246032
1105.2009335233
170.38002483791
1107.0009350437
167.77760270122
1108.8009365641
165.00960432669
1110.6009380845
162.07876139454
1112.4009396049
158.98796629291
1114.2009411253
155.74026926339
1116.0009426457
152.33887539086
1117.8009441661
148.78714144041
1119.6009456865
145.08857254465
1121.4009472069
141.24681874455
1123.2009487273
137.26567138728
1125.0009502477
133.14905938463
1126.800951768
128.90104533566
1128.6009532884
124.52582151735
1130.4009548088
120.02770574738
1132.2009563292
115.41113712297
1134.0009578496
110.68067163997
1135.80095937
105.8409776967
1137.6009608904
100.89683148678
1139.4009624108
95.8531122856
1141.2009639312
90.714797635085
1143.0009654516
85.486958431435
1144.800966972
80.174753920778
1146.6009684924
74.783426607616
1148.4009700128
69.318297081105
1150.2009715332
63.784758764275
1152.0009730536
58.188272591372
1153.800974574
52.534361618576
1155.6009760944
46.828605573413
1157.4009776148
41.076635348236
1159.2009791352
35.284127443211
1161.0009806556
29.456798364304
1162.800982176
23.600398981775
1164.6009836964
17.720708854762
1166.4009852168
11.823530527555
1168.2009867372
5.9146838031897
1170.0009882576
0
1171.800989778
0
1173.6009912983
0
1175.4009928187
0
1177.2009943391
0
1179.0009958595
0
1180.8009973799
0
1182.6009989003
0
1184.4010004207
0
1186.2010019411
0
1188.0010034615
0
1189.8010049819
0
1191.6010065023
0
1193.4010080227
0
1195.2010095431
0
1197.0010110635
0
1198.8010125839
0
1200.6010141043
0
1202.4010156247
0
1204.2010171451
0
1206.0010186655
0
1207.8010201859
0
1209.6010217063
0
1211.4010232267
0
1213.2010247471
0
1215.0010262675
0
1216.8010277879
0
1218.6010293083
0
1220.4010308287
0
1222.201032349
0
1224.0010338694
0
1225.8010353898
0
1227.6010369102
0
1229.4010384306
0
1231.201039951
0
1233.0010414714
0
1234.8010429918
0
1236.6010445122
0
1238.4010460326
0
1240.201047553
0
1242.0010490734
0
1243.8010505938
0
1245.6010521142
0
1247.4010536346
0
1249.201055155
0
1251.0010566754
0
1252.8010581958
0
1254.6010597162
0
1256.4010612366
0
1258.201062757
0
1260.0010642774
0
1261.8010657978
0
1263.6010673182
0
1265.4010688386
0
1267.201070359
0
1269.0010718794
0
1270.8010733997
0
1272.6010749201
0
1274.4010764405
0
1276.2010779609
0
1278.0010794813
0
1279.8010810017
0
1281.6010825221
0
1283.4010840425
0
1285.2010855629
0
1287.0010870833
0
1288.8010886037
0
1290.6010901241
0
1292.4010916445
0
1294.2010931649
0
1296.0010946853
0
1297.8010962057
0
1299.6010977261
0
1301.4010992465
0
1303.2011007669
0
1305.0011022873
0
1306.8011038077
0
1308.6011053281
0
1310.4011068485
0
1312.2011083689
0
1314.0011098893
0
1315.8011114097
0
1317.60111293
0
1319.4011144504
0
1321.2011159708
0
1323.0011174912
0
1324.8011190116
0
1326.601120532
0
1328.4011220524
0
1330.2011235728
0
1332.0011250932
0
1333.8011266136
0
1335.601128134
0
1337.4011296544
0
1339.2011311748
0
1341.0011326952
0
1342.8011342156
0
1344.601135736
0
1346.4011372564
0
1348.2011387768
0
1350.0011402972
8.3051855176485E-13
1351.8011418176
5.9146838031908
1353.601143338
11.823530527555
1355.4011448584
17.720708854762
1357.2011463788
23.600398981776
1359.0011478992
29.456798364305
1360.8011494196
35.284127443211
1362.60115094
41.076635348236
1364.4011524604
46.828605573414
1366.2011539807
52.534361618576
1368.0011555011
58.188272591372
1369.8011570215
63.784758764276
1371.6011585419
69.318297081107
1373.4011600623
74.783426607617
1375.2011615827
80.174753920778
1377.0011631031
85.486958431435
1378.8011646235
90.714797635086
1380.6011661439
95.853112285601
1382.4011676643
100.89683148678
1384.2011691847
105.8409776967
1386.0011707051
110.68067163997
1387.8011722255
115.41113712297
1389.6011737459
120.02770574738
1391.4011752663
124.52582151735
1393.2011767867
128.90104533566
1395.0011783071
133.14905938463
1396.8011798275
137.26567138728
1398.6011813479
141.24681874455
1400.4011828683
145.08857254465
1402.2011843887
148.78714144041
1404.0011859091
152.33887539086
1405.8011874295
155.74026926339
1407.6011889499
158.98796629291
1409.4011904703
162.07876139454
1411.2011919907
165.00960432669
1413.001193511
167.77760270122
1414.8011950314
170.38002483791
1416.6011965518
172.81430246032
1418.4011980722
175.07803323033
1420.2011995926
177.16898311897
1422.001201113
179.08508861113
1423.8012026334
180.82445874205
1425.6012041538
182.38537696338
1427.4012056742
183.76630283731
1429.2012071946
184.96587355671
1431.001208715
185.98290529011
1432.8012102354
186.81639434998
1434.6012117558
187.46551818324
1436.4012132762
187.92963618304
1438.2012147966
188.20829032095
1440.001216317
188.30120559897
1441.8012178374
188.20829032095
1443.6012193578
187.92963618304
1445.4012208782
187.46551818324
1447.2012223986
186.81639434998
1449.001223919
185.98290529011
1450.8012254394
184.96587355671
1452.6012269598
183.76630283731
1454.4012284802
182.38537696338
1456.2012300006
180.82445874205
1458.001231521
179.08508861113
1459.8012330414
177.16898311896
1461.6012345617
175.07803323033
1463.4012360821
172.81430246032
1465.2012376025
170.38002483791
1467.0012391229
167.77760270122
1468.8012406433
165.00960432669
1470.6012421637
162.07876139454
1472.4012436841
158.98796629291
1474.2012452045
155.74026926339
1476.0012467249
152.33887539086
1477.8012482453
148.78714144041
1479.6012497657
145.08857254465
1481.4012512861
141.24681874455
1483.2012528065
137.26567138728
1485.0012543269
133.14905938463
1486.8012558473
128.90104533566
1488.6012573677
124.52582151735
1490.4012588881
120.02770574738
1492.2012604085
115.41113712297
1494.0012619289
110.68067163997
1495.8012634493
105.8409776967
1497.6012649697
100.89683148678
1499.4012664901
95.8531122856
1501.2012680105
90.714797635085
1503.0012695309
85.486958431434
1504.8012710513
80.174753920778
1506.6012725717
74.783426607616
1508.4012740921
69.318297081105
1510.2012756124
63.784758764275
1512.0012771328
58.188272591372
1513.8012786532
52.534361618576
1515.6012801736
46.828605573413
1517.401281694
41.076635348236
1519.2012832144
35.284127443212
1521.0012847348
29.456798364305
1522.8012862552
23.600398981775
1524.6012877756
17.72070885476
1526.401289296
11.823530527555
1528.2012908164
5.9146838031898
1530.0012923368
0
1531.8012938572
0
1533.6012953776
0
1535.401296898
0
1537.2012984184
0
1539.0012999388
0
1540.8013014592
0
1542.6013029796
0
1544.4013045
0
1546.2013060204
0
1548.0013075408
0
1549.8013090612
0
1551.6013105816
0
1553.401312102
0
1555.2013136224
0
1557.0013151427
0
1558.8013166631
0
1560.6013181835
0
1562.4013197039
0
1564.2013212243
0
1566.0013227447
0
1567.8013242651
0
1569.6013257855
0
1571.4013273059
0
1573.2013288263
0
1575.0013303467
0
1576.8013318671
0
1578.6013333875
0
1580.4013349079
0
1582.2013364283
0
1584.0013379487
0
1585.8013394691
0
1587.6013409895
0
1589.4013425099
0
1591.2013440303
0
1593.0013455507
0
1594.8013470711
0
1596.6013485915
0
1598.4013501119
0
1600.2013516323
0
1602.0013531527
0
1603.8013546731
0
1605.6013561934
0
1607.4013577138
0
1609.2013592342
0
1611.0013607546
0
1612.801362275
0
1614.6013637954
0
1616.4013653158
0
1618.2013668362
0
1620.0013683566
0
1621.801369877
0
1623.6013713974
0
1625.4013729178
0
1627.2013744382
0
1629.0013759586
0
1630.801377479
0
1632.6013789994
0
1634.4013805198
0
1636.2013820402
0
1638.0013835606
0
1639.801385081
0
1641.6013866014
0
1643.4013881218
0
1645.2013896422
0
1647.0013911626
0
1648.801392683
0
1650.6013942034
0
1652.4013957237
0
1654.2013972441
0
1656.0013987645
0
1657.8014002849
0
1659.6014018053
0
1661.4014033257
0
1663.2014048461
0
1665.0014063665
0
1666.8014078869
0
1668.6014094073
0
1670.4014109277
0
1672.2014124481
0
1674.0014139685
0
1675.8014154889
0
1677.6014170093
0
1679.4014185297
0
1681.2014200501
0
1683.0014215705
0
1684.8014230909
0
1686.6014246113
0
1688.4014261317
0
1690.2014276521
0
1692.0014291725
0
1693.8014306929
0
1695.6014322133
0
1697.4014337337
0
1699.2014352541
0
1701.0014367744
0
1702.8014382948
0
1704.6014398152
0
1706.4014413356
0
1708.201442856
0
1710.0014443764
7.8439805802237E-13
1711.8014458968
5.9146838031907
1713.6014474172
11.823530527555
1715.4014489376
17.720708854762
1717.201450458
23.600398981776
1719.0014519784
29.456798364305
1720.8014534988
35.284127443211
1722.6014550192
41.076635348236
1724.4014565396
46.828605573414
1726.20145806
52.534361618576
1728.0014595804
58.188272591373
1729.8014611008
63.784758764276
1731.6014626212
69.318297081107
1733.4014641416
74.783426607616
1735.201465662
80.174753920778
1737.0014671824
85.486958431435
1738.8014687028
90.714797635086
1740.6014702232
95.853112285601
1742.4014717436
100.89683148678
1744.201473264
105.8409776967
1746.0014747844
110.68067163997
1747.8014763048
115.41113712297
1749.6014778251
120.02770574738
1751.4014793455
124.52582151735
1753.2014808659
128.90104533566
1755.0014823863
133.14905938463
1756.8014839067
137.26567138728
1758.6014854271
141.24681874455
1760.4014869475
145.08857254465
1762.2014884679
148.78714144041
1764.0014899883
152.33887539086
1765.8014915087
155.74026926339
1767.6014930291
158.98796629291
1769.4014945495
162.07876139454
1771.2014960699
165.00960432669
1773.0014975903
167.77760270122
1774.8014991107
170.38002483791
1776.6015006311
172.81430246032
1778.4015021515
175.07803323033
1780.2015036719
177.16898311897
1782.0015051923
179.08508861113
1783.8015067127
180.82445874205
1785.6015082331
182.38537696338
1787.4015097535
183.76630283731
1789.2015112739
184.96587355671
1791.0015127943
185.98290529011
1792.8015143147
186.81639434998
1794.6015158351
187.46551818324
1796.4015173554
187.92963618304
1798.2015188758
188.20829032095
