0
1339.8326970073
31.860237844284
1339.8326970073
63.720475688568
1339.8326970073
95.580713532852
1339.8326970073
127.44095137714
1339.8326970073
159.30118922142
1339.8326970073
191.1614270657
1339.8326970073
223.02166490999
1339.8326970073
254.88190275427
1339.8326970073
286.74214059856
1339.8326970073
318.60237844284
1339.8326970073
350.46261628712
1339.8326970073
382.32285413141
1339.8326970073
414.18309197569
1339.8326970073
446.04332981998
1339.8326970073
477.90356766426
1339.8326970073
509.76380550854
1339.8326970073
541.62404335283
1339.8326970073
573.48428119711
1339.8326970073
605.3445190414
1339.8326970073
637.20475688568
1339.8326970073
669.06499472996
1339.8326970073
700.92523257425
1339.8326970073
732.78547041853
1339.8326970073
764.64570826282
1339.8326970073
796.5059461071
1339.8326970073
828.36618395138
1339.8326970073
860.22642179567
1339.8326970073
892.08665963995
1339.8326970073
923.94689748424
1339.8326970073
955.80713532852
1339.8326970073
987.6673731728
1339.8326970073
1019.5276110171
1339.8326970073
1051.3878488614
1339.8326970073
1083.2480867057
1339.8326970073
1115.1083245499
1339.8326970073
1146.9685623942
1339.8326970073
1178.8288002385
1339.8326970073
1210.6890380828
1339.8326970073
1242.5492759271
1339.8326970073
1274.4095137714
1339.8326970073
1306.2697516156
1339.8326970073
1338.1299894599
1339.8326970073
1369.9902273042
1339.8326970073
1401.8504651485
1339.8326970073
1433.7107029928
1339.8326970073
1465.5709408371
1339.8326970073
1497.4311786813
1339.8326970073
1529.2914165256
1339.8326970073
1561.1516543699
1339.8326970073
1593.0118922142
1339.8326970073
1624.8721300585
1339.8326970073
1656.7323679028
1339.8326970073
1688.5926057471
1339.8326970073
1720.4528435913
1339.8326970073
1752.3130814356
1339.8326970073
1784.1733192799
1339.8326970073
1816.0335571242
1339.8326970073
1847.8937949685
1339.8326970073
1879.7540328128
1339.8326970073
1911.614270657
1339.8326970073
1943.4745085013
1339.8326970073
1975.3347463456
1339.8326970073
2007.1949841899
1339.8326970073
2039.0552220342
1339.8326970073
2070.9154598785
1339.8326970073
2102.7756977227
1339.8326970073
2134.635935567
1339.8326970073
2166.4961734113
1339.8326970073
2198.3564112556
1339.8326970073
2230.2166490999
1339.8326970073
2262.0768869442
1339.8326970073
2293.9371247884
1339.8326970073
2325.7973626327
1339.8326970073
2357.657600477
1339.8326970073
2389.5178383213
1339.8326970073
2421.3780761656
1339.8326970073
2453.2383140099
1339.8326970073
2485.0985518542
1339.8326970073
2516.9587896984
1339.8326970073
2548.8190275427
1339.8326970073
2580.679265387
1339.8326970073
2612.5395032313
1339.8326970073
2644.3997410756
1339.8326970073
2676.2599789199
1339.8326970073
2708.1202167641
1339.8326970073
2739.9804546084
1339.8326970073
2771.8406924527
1339.8326970073
2803.700930297
1339.8326970073
2835.5611681413
1339.8326970073
2867.4214059856
1339.8326970073
2899.2816438298
1339.8326970073
2931.1418816741
1339.8326970073
2963.0021195184
1339.8326970073
2994.8623573627
1339.8326970073
3026.722595207
1339.8326970073
3058.5828330513
1339.8326970073
3090.4430708956
1339.8326970073
3122.3033087398
1339.8326970073
3154.1635465841
1339.8326970073
3186.0237844284
1339.8326970073
3217.8840222727
1339.8326970073
3249.744260117
1339.8326970073
3281.6044979613
1339.8326970073
3313.4647358055
1339.8326970073
3345.3249736498
1339.8326970073
3377.1852114941
1339.8326970073
3409.0454493384
1339.8326970073
3440.9056871827
1339.8326970073
3472.765925027
1339.8326970073
3504.6261628712
1339.8326970073
3536.4864007155
1339.8326970073
3568.3466385598
1339.8326970073
3600.2068764041
1339.8326970073
3632.0671142484
1339.8326970073
3663.9273520927
1339.8326970073
3695.7875899369
1339.8326970073
3727.6478277812
1339.8326970073
3759.5080656255
1339.8326970073
3791.3683034698
1339.8326970073
3823.2285413141
1339.8326970073
3855.0887791584
1339.8326970073
3886.9490170027
1339.8326970073
3918.8092548469
1339.8326970073
3950.6694926912
1339.8326970073
3982.5297305355
1339.8326970073
4014.3899683798
1339.8326970073
4046.2502062241
1339.8326970073
4078.1104440684
1339.8326970073
4109.9706819126
1339.8326970073
4141.8309197569
1339.8326970073
4173.6911576012
1339.8326970073
4205.5513954455
1339.8326970073
4237.4116332898
1339.8326970073
4269.2718711341
1339.8326970073
4301.1321089783
1339.8326970073
4332.9923468226
1339.8326970073
4364.8525846669
1339.8326970073
4396.7128225112
1339.8326970073
4428.5730603555
1339.8326970073
4460.4332981998
1339.8326970073
4492.293536044
1339.8326970073
4524.1537738883
1339.8326970073
4556.0140117326
1339.8326970073
4587.8742495769
1339.8326970073
4619.7344874212
1339.8326970073
4651.5947252655
1339.8326970073
4683.4549631098
1339.8326970073
4715.315200954
1339.8326970073
4747.1754387983
1339.8326970073
4779.0356766426
1339.8326970073
4810.8959144869
1339.8326970073
4842.7561523312
1339.8326970073
4874.6163901755
1339.8326970073
4906.4766280197
1339.8326970073
4938.336865864
1339.8326970073
4970.1971037083
1339.8326970073
5002.0573415526
1339.8326970073
5033.9175793969
1339.8326970073
5065.7778172412
1339.8326970073
5097.6380550854
1339.8326970073
5129.4982929297
1339.8326970073
5161.358530774
1339.8326970073
5193.2187686183
1339.8326970073
5225.0790064626
1339.8326970073
5256.9392443069
1339.8326970073
5288.7994821511
1339.8326970073
5320.6597199954
1339.8326970073
5352.5199578397
1339.8326970073
5384.380195684
1339.8326970073
5416.2404335283
1339.8326970073
5448.1006713726
1339.8326970073
5479.9609092169
1339.8326970073
5511.8211470611
1339.8326970073
5543.6813849054
1339.8326970073
5575.5416227497
1339.8326970073
5607.401860594
1339.8326970073
5639.2620984383
1339.8326970073
5671.1223362826
1339.8326970073
5702.9825741268
1339.8326970073
5734.8428119711
1339.8326970073
5766.7030498154
1339.8326970073
5798.5632876597
1339.8326970073
5830.423525504
1339.8326970073
5862.2837633483
1339.8326970073
5894.1440011925
1339.8326970073
5926.0042390368
1339.8326970073
5957.8644768811
1339.8326970073
5989.7247147254
1339.8326970073
6021.5849525697
1339.8326970073
6053.445190414
1339.8326970073
6085.3054282582
1339.8326970073
6117.1656661025
1339.8326970073
6149.0259039468
1339.8326970073
6180.8861417911
1339.8326970073
6212.7463796354
1339.8326970073
6244.6066174797
1339.8326970073
6276.466855324
1339.8326970073
6308.3270931682
1339.8326970073
6340.1873310125
1339.8326970073
6372.0475688568
1339.8326970073
6403.9078067011
1339.8326970073
6435.7680445454
1339.8326970073
6467.6282823897
1339.8326970073
6499.4885202339
1339.8326970073
6531.3487580782
1339.8326970073
6563.2089959225
1339.8326970073
6595.0692337668
1339.8326970073
6626.9294716111
1339.8326970073
6658.7897094554
1339.8326970073
6690.6499472996
1339.8326970073
6722.5101851439
1339.8326970073
6754.3704229882
1339.8326970073
6786.2306608325
1339.8326970073
6818.0908986768
1339.8326970073
6849.9511365211
1339.8326970073
6881.8113743653
1339.8326970073
6913.6716122096
1339.8326970073
6945.5318500539
1339.8326970073
6977.3920878982
1339.8326970073
7009.2523257425
1339.8326970073
7041.1125635868
1339.8326970073
7072.9728014311
1339.8326970073
7104.8330392753
1339.8326970073
7136.6932771196
1339.8326970073
7168.5535149639
1339.8326970073
7200.4137528082
1339.8326970073
7232.2739906525
1339.8326970073
7264.1342284968
1339.8326970073
7295.994466341
1339.8326970073
7327.8547041853
1339.8326970073
7359.7149420296
1339.8326970073
7391.5751798739
1339.8326970073
7423.4354177182
1339.8326970073
7455.2956555625
1339.8326970073
7487.1558934067
1339.8326970073
7519.016131251
1339.8326970073
7550.8763690953
1339.8326970073
7582.7366069396
1339.8326970073
7614.5968447839
1339.8326970073
7646.4570826282
1339.8326970073
7678.3173204724
1339.8326970073
7710.1775583167
1339.8326970073
7742.037796161
1339.8326970073
7773.8980340053
1339.8326970073
7805.7582718496
1339.8326970073
7837.6185096939
1339.8326970073
7869.4787475382
1339.8326970073
7901.3389853824
1339.8326970073
7933.1992232267
1339.8326970073
7965.059461071
1339.8326970073
7996.9196989153
1339.8326970073
8028.7799367596
1339.8326970073
8060.6401746039
1339.8326970073
8092.5004124481
1339.8326970073
8124.3606502924
1339.8326970073
8156.2208881367
1339.8326970073
8188.081125981
1339.8326970073
8219.9413638253
1339.8326970073
8251.8016016696
1339.8326970073
8283.6618395138
1339.8326970073
8315.5220773581
1339.8326970073
8347.3823152024
1339.8326970073
8379.2425530467
1339.8326970073
8411.102790891
1339.8326970073
8442.9630287353
1339.8326970073
8474.8232665795
1339.8326970073
8506.6835044238
1339.8326970073
8538.5437422681
1339.8326970073
8570.4039801124
1339.8326970073
8602.2642179567
1339.8326970073
8634.124455801
1339.8326970073
8665.9846936453
1339.8326970073
8697.8449314895
1339.8326970073
8729.7051693338
1339.8326970073
8761.5654071781
1339.8326970073
8793.4256450224
1339.8326970073
8825.2858828667
1339.8326970073
8857.146120711
1339.8326970073
8889.0063585552
1339.8326970073
8920.8665963995
1339.8326970073
8952.7268342438
1339.8326970073
8984.5870720881
1339.8326970073
9016.4473099324
1339.8326970073
9048.3075477767
1339.8326970073
9080.1677856209
1339.8326970073
9112.0280234652
1339.8326970073
9143.8882613095
1339.8326970073
9175.7484991538
1339.8326970073
9207.6087369981
1339.8326970073
9239.4689748424
1339.8326970073
9271.3292126867
1339.8326970073
9303.1894505309
1339.8326970073
9335.0496883752
1339.8326970073
9366.9099262195
1339.8326970073
9398.7701640638
1339.8326970073
9430.6304019081
1339.8326970073
9462.4906397524
1339.8326970073
9494.3508775966
1339.8326970073
9526.2111154409
1339.8326970073
9558.0713532852
1339.8326970073
9589.9315911295
1339.8326970073
9621.7918289738
1339.8326970073
9653.6520668181
1339.8326970073
9685.5123046623
1339.8326970073
9717.3725425066
1339.8326970073
9749.2327803509
1339.8326970073
9781.0930181952
1339.8326970073
9812.9532560395
1339.8326970073
9844.8134938838
1339.8326970073
9876.673731728
1339.8326970073
9908.5339695723
1339.8326970073
9940.3942074166
1339.8326970073
9972.2544452609
1339.8326970073
10004.114683105
1339.8326970073
10035.974920949
1339.8326970073
10067.835158794
1339.8326970073
10099.695396638
1339.8326970073
10131.555634482
1339.8326970073
10163.415872327
1339.8326970073
10195.276110171
1339.8326970073
10227.136348015
1339.8326970073
10258.996585859
1339.8326970073
10290.856823704
1339.8326970073
10322.717061548
1339.8326970073
10354.577299392
1339.8326970073
10386.437537237
1339.8326970073
10418.297775081
1339.8326970073
10450.158012925
1339.8326970073
10482.018250769
1339.8326970073
10513.878488614
1339.8326970073
10545.738726458
1339.8326970073
10577.598964302
1339.8326970073
10609.459202147
1339.8326970073
10641.319439991
1339.8326970073
10673.179677835
1339.8326970073
10705.039915679
1339.8326970073
10736.900153524
1339.8326970073
10768.760391368
1339.8326970073
10800.620629212
1339.8326970073
10832.480867057
1339.8326970073
10864.341104901
1339.8326970073
10896.201342745
1339.8326970073
10928.061580589
1339.8326970073
10959.921818434
1339.8326970073
10991.782056278
1339.8326970073
11023.642294122
1339.8326970073
11055.502531967
1339.8326970073
11087.362769811
1339.8326970073
11119.223007655
1339.8326970073
11151.083245499
1339.8326970073
11182.943483344
1339.8326970073
11214.803721188
1339.8326970073
11246.663959032
1339.8326970073
11278.524196877
1339.8326970073
11310.384434721
1339.8326970073
11342.244672565
1339.8326970073
11374.104910409
1339.8326970073
11405.965148254
1339.8326970073
11437.825386098
1339.8326970073
11469.685623942
1339.8326970073
11501.545861787
1339.8326970073
11533.406099631
1339.8326970073
11565.266337475
1339.8326970073
11597.126575319
1339.8326970073
11628.986813164
1339.8326970073
11660.847051008
1339.8326970073
11692.707288852
1339.8326970073
11724.567526697
1339.8326970073
11756.427764541
1339.8326970073
11788.288002385
1339.8326970073
11820.148240229
1339.8326970073
11852.008478074
1339.8326970073
11883.868715918
1339.8326970073
11915.728953762
1339.8326970073
11947.589191607
1339.8326970073
11979.449429451
1339.8326970073
12011.309667295
1339.8326970073
12043.169905139
1339.8326970073
12075.030142984
1339.8326970073
12106.890380828
1339.8326970073
12138.750618672
1339.8326970073
12170.610856516
1339.8326970073
12202.471094361
1339.8326970073
12234.331332205
1339.8326970073
12266.191570049
1339.8326970073
12298.051807894
1339.8326970073
12329.912045738
1339.8326970073
12361.772283582
1339.8326970073
12393.632521426
1339.8326970073
12425.492759271
1339.8326970073
12457.352997115
1339.8326970073
12489.213234959
1339.8326970073
12521.073472804
1339.8326970073
12552.933710648
1339.8326970073
12584.793948492
1339.8326970073
12616.654186336
1339.8326970073
12648.514424181
1339.8326970073
12680.374662025
1339.8326970073
12712.234899869
1339.8326970073
12744.095137714
1339.8326970073
12775.955375558
1339.8326970073
12807.815613402
1339.8326970073
12839.675851246
1339.8326970073
12871.536089091
1339.8326970073
12903.396326935
1339.8326970073
12935.256564779
1339.8326970073
12967.116802624
1339.8326970073
12998.977040468
1339.8326970073
13030.837278312
1339.8326970073
13062.697516156
1339.8326970073
13094.557754001
1339.8326970073
13126.417991845
1339.8326970073
13158.278229689
1339.8326970073
13190.138467534
1339.8326970073
13221.998705378
1339.8326970073
13253.858943222
1339.8326970073
13285.719181066
1339.8326970073
13317.579418911
1339.8326970073
13349.439656755
1339.8326970073
13381.299894599
1339.8326970073
13413.160132444
1339.8326970073
13445.020370288
1339.8326970073
13476.880608132
1339.8326970073
13508.740845976
1339.8326970073
13540.601083821
1339.8326970073
13572.461321665
1339.8326970073
13604.321559509
1339.8326970073
13636.181797354
1339.8326970073
13668.042035198
1339.8326970073
13699.902273042
1339.8326970073
13731.762510886
1339.8326970073
13763.622748731
1339.8326970073
13795.482986575
1339.8326970073
13827.343224419
1339.8326970073
13859.203462264
1339.8326970073
13891.063700108
1339.8326970073
13922.923937952
1339.8326970073
13954.784175796
1339.8326970073
13986.644413641
1339.8326970073
14018.504651485
1339.8326970073
14050.364889329
1339.8326970073
14082.225127174
1339.8326970073
14114.085365018
1339.8326970073
14145.945602862
1339.8326970073
14177.805840706
1339.8326970073
14209.666078551
1339.8326970073
14241.526316395
1339.8326970073
14273.386554239
1339.8326970073
14305.246792084
1339.8326970073
14337.107029928
1339.8326970073
14368.967267772
1339.8326970073
14400.827505616
1339.8326970073
14432.687743461
1339.8326970073
14464.547981305
1339.8326970073
14496.408219149
1339.8326970073
14528.268456994
1339.8326970073
14560.128694838
1339.8326970073
14591.988932682
1339.8326970073
14623.849170526
1339.8326970073
14655.709408371
1339.8326970073
14687.569646215
1339.8326970073
14719.429884059
1339.8326970073
14751.290121904
1339.8326970073
14783.150359748
1339.8326970073
14815.010597592
1339.8326970073
14846.870835436
1339.8326970073
14878.731073281
1339.8326970073
14910.591311125
1339.8326970073
14942.451548969
1339.8326970073
14974.311786813
1339.8326970073
15006.172024658
1339.8326970073
15038.032262502
1339.8326970073
15069.892500346
1339.8326970073
15101.752738191
1339.8326970073
15133.612976035
1339.8326970073
15165.473213879
1339.8326970073
15197.333451723
1339.8326970073
15229.193689568
1339.8326970073
15261.053927412
1339.8326970073
15292.914165256
1339.8326970073
15324.774403101
1339.8326970073
15356.634640945
1339.8326970073
15388.494878789
1339.8326970073
15420.355116633
1339.8326970073
15452.215354478
1339.8326970073
15484.075592322
1339.8326970073
15515.935830166
1339.8326970073
15547.796068011
1339.8326970073
15579.656305855
1339.8326970073
15611.516543699
1339.8326970073
15643.376781543
1339.8326970073
15675.237019388
1339.8326970073
15707.097257232
1339.8326970073
15738.957495076
1339.8326970073
15770.817732921
1339.8326970073
15802.677970765
1339.8326970073
15834.538208609
1339.8326970073
15866.398446453
1339.8326970073
15898.258684298
1339.8326970073
15930.118922142
1339.8326970073
15961.979159986
1339.8326970073
15993.839397831
1339.8326970073
16025.699635675
1339.8326970073
16057.559873519
1339.8326970073
16089.420111363
1339.8326970073
16121.280349208
1339.8326970073
16153.140587052
1339.8326970073
16185.000824896
1339.8326970073
16216.861062741
1339.8326970073
16248.721300585
1339.8326970073
16280.581538429
1339.8326970073
16312.441776273
1339.8326970073
16344.302014118
1339.8326970073
16376.162251962
1339.8326970073
16408.022489806
1339.8326970073
16439.882727651
1339.8326970073
16471.742965495
1339.8326970073
16503.603203339
1339.8326970073
16535.463441183
1339.8326970073
16567.323679028
1339.8326970073
16599.183916872
1339.8326970073
16631.044154716
1339.8326970073
16662.904392561
1339.8326970073
16694.764630405
1339.8326970073
16726.624868249
1339.8326970073
16758.485106093
1339.8326970073
16790.345343938
1339.8326970073
16822.205581782
1339.8326970073
16854.065819626
1339.8326970073
16885.926057471
1339.8326970073
16917.786295315
1339.8326970073
16949.646533159
1339.8326970073
16981.506771003
1339.8326970073
17013.367008848
1339.8326970073
17045.227246692
1339.8326970073
17077.087484536
1339.8326970073
17108.947722381
1339.8326970073
17140.807960225
1339.8326970073
17172.668198069
1339.8326970073
17204.528435913
1339.8326970073
17236.388673758
1339.8326970073
17268.248911602
1339.8326970073
17300.109149446
1339.8326970073
17331.969387291
1339.8326970073
17363.829625135
1339.8326970073
17395.689862979
1339.8326970073
17427.550100823
1339.8326970073
17459.410338668
1339.8326970073
17491.270576512
1339.8326970073
17523.130814356
1339.8326970073
17554.9910522
1339.8326970073
17586.851290045
1339.8326970073
17618.711527889
1339.8326970073
17650.571765733
1339.8326970073
17682.432003578
1339.8326970073
17714.292241422
1339.8326970073
17746.152479266
1339.8326970073
17778.01271711
1339.8326970073
17809.872954955
1339.8326970073
17841.733192799
1339.8326970073
17873.593430643
1339.8326970073
17905.453668488
1339.8326970073
17937.313906332
1339.8326970073
17969.174144176
1339.8326970073
18001.03438202
1339.8326970073
18032.894619865
1339.8326970073
18064.754857709
1339.8326970073
18096.615095553
1339.8326970073
18128.475333398
1339.8326970073
18160.335571242
1339.8326970073
18192.195809086
1339.8326970073
18224.05604693
1339.8326970073
18255.916284775
1339.8326970073
18287.776522619
1339.8326970073
18319.636760463
1339.8326970073
18351.496998308
1339.8326970073
18383.357236152
1339.8326970073
18415.217473996
1339.8326970073
18447.07771184
1339.8326970073
18478.937949685
1339.8326970073
18510.798187529
1339.8326970073
18542.658425373
1339.8326970073
18574.518663218
1339.8326970073
18606.378901062
1339.8326970073
18638.239138906
1339.8326970073
18670.09937675
1339.8326970073
18701.959614595
1339.8326970073
18733.819852439
1339.8326970073
18765.680090283
1339.8326970073
18797.540328128
1339.8326970073
18829.400565972
1339.8326970073
18861.260803816
1339.8326970073
18893.12104166
1339.8326970073
18924.981279505
1339.8326970073
18956.841517349
1339.8326970073
18988.701755193
1339.8326970073
19020.561993038
1339.8326970073
19052.422230882
1339.8326970073
19084.282468726
1339.8326970073
19116.14270657
1339.8326970073
19148.002944415
1339.8326970073
19179.863182259
1339.8326970073
19211.723420103
1339.8326970073
19243.583657948
1339.8326970073
19275.443895792
1339.8326970073
19307.304133636
1339.8326970073
19339.16437148
1339.8326970073
19371.024609325
1339.8326970073
19402.884847169
1339.8326970073
19434.745085013
1339.8326970073
19466.605322858
1339.8326970073
19498.465560702
1339.8326970073
19530.325798546
1339.8326970073
19562.18603639
1339.8326970073
19594.046274235
1339.8326970073
19625.906512079
1339.8326970073
19657.766749923
1339.8326970073
19689.626987768
1339.8326970073
19721.487225612
1339.8326970073
19753.347463456
1339.8326970073
19785.2077013
1339.8326970073
19817.067939145
1339.8326970073
19848.928176989
1339.8326970073
19880.788414833
1339.8326970073
19912.648652678
1339.8326970073
19944.508890522
1339.8326970073
19976.369128366
1339.8326970073
20008.22936621
1339.8326970073
20040.089604055
1339.8326970073
20071.949841899
1339.8326970073
20103.810079743
1339.8326970073
20135.670317588
1339.8326970073
20167.530555432
1339.8326970073
20199.390793276
1339.8326970073
20231.25103112
1339.8326970073
20263.111268965
1339.8326970073
20294.971506809
1339.8326970073
20326.831744653
1339.8326970073
20358.691982497
1339.8326970073
20390.552220342
1339.8326970073
20422.412458186
1339.8326970073
20454.27269603
1339.8326970073
20486.132933875
1339.8326970073
20517.993171719
1339.8326970073
20549.853409563
1339.8326970073
20581.713647407
1339.8326970073
20613.573885252
1339.8326970073
20645.434123096
1339.8326970073
20677.29436094
1339.8326970073
20709.154598785
1339.8326970073
20741.014836629
1339.8326970073
20772.875074473
1339.8326970073
20804.735312317
1339.8326970073
20836.595550162
1339.8326970073
20868.455788006
1339.8326970073
20900.31602585
1339.8326970073
20932.176263695
1339.8326970073
20964.036501539
1339.8326970073
20995.896739383
1339.8326970073
21027.756977227
1339.8326970073
21059.617215072
1339.8326970073
21091.477452916
1339.8326970073
21123.33769076
1339.8326970073
21155.197928605
1339.8326970073
21187.058166449
1339.8326970073
21218.918404293
1339.8326970073
21250.778642137
1339.8326970073
21282.638879982
1339.8326970073
21314.499117826
1339.8326970073
21346.35935567
1339.8326970073
21378.219593515
1339.8326970073
21410.079831359
1339.8326970073
21441.940069203
1339.8326970073
21473.800307047
1339.8326970073
21505.660544892
1339.8326970073
21537.520782736
1339.8326970073
21569.38102058
1339.8326970073
21601.241258425
1339.8326970073
21633.101496269
1339.8326970073
21664.961734113
1339.8326970073
21696.821971957
1339.8326970073
21728.682209802
1339.8326970073
21760.542447646
1339.8326970073
21792.40268549
1339.8326970073
21824.262923335
1339.8326970073
21856.123161179
1339.8326970073
21887.983399023
1339.8326970073
21919.843636867
1339.8326970073
21951.703874712
1339.8326970073
21983.564112556
1339.8326970073
22015.4243504
1339.8326970073
22047.284588245
1339.8326970073
22079.144826089
1339.8326970073
22111.005063933
1339.8326970073
22142.865301777
1339.8326970073
22174.725539622
1339.8326970073
22206.585777466
1339.8326970073
22238.44601531
1339.8326970073
22270.306253155
1339.8326970073
22302.166490999
1339.8326970073
22334.026728843
1339.8326970073
22365.886966687
1339.8326970073
22397.747204532
1339.8326970073
22429.607442376
1339.8326970073
22461.46768022
1339.8326970073
22493.327918065
1339.8326970073
22525.188155909
1339.8326970073
22557.048393753
1339.8326970073
22588.908631597
1339.8326970073
22620.768869442
1339.8326970073
22652.629107286
1339.8326970073
22684.48934513
1339.8326970073
22716.349582975
1339.8326970073
22748.209820819
1339.8326970073
22780.070058663
1339.8326970073
22811.930296507
1339.8326970073
22843.790534352
1339.8326970073
22875.650772196
1339.8326970073
22907.51101004
1339.8326970073
22939.371247884
1339.8326970073
22971.231485729
1339.8326970073
23003.091723573
1339.8326970073
23034.951961417
1339.8326970073
23066.812199262
1339.8326970073
23098.672437106
1339.8326970073
23130.53267495
1339.8326970073
23162.392912794
1339.8326970073
23194.253150639
1339.8326970073
23226.113388483
1339.8326970073
23257.973626327
1339.8326970073
23289.833864172
1339.8326970073
23321.694102016
1339.8326970073
23353.55433986
1339.8326970073
23385.414577704
1339.8326970073
23417.274815549
1339.8326970073
23449.135053393
1339.8326970073
23480.995291237
1339.8326970073
23512.855529082
1339.8326970073
23544.715766926
1339.8326970073
23576.57600477
1339.8326970073
23608.436242614
1339.8326970073
23640.296480459
1339.8326970073
23672.156718303
1339.8326970073
23704.016956147
1339.8326970073
23735.877193992
1339.8326970073
23767.737431836
1339.8326970073
23799.59766968
1339.8326970073
23831.457907524
1339.8326970073
23863.318145369
1339.8326970073
23895.178383213
1339.8326970073
23927.038621057
1339.8326970073
23958.898858902
1339.8326970073
23990.759096746
1339.8326970073
24022.61933459
1339.8326970073
24054.479572434
1339.8326970073
24086.339810279
1339.8326970073
24118.200048123
1339.8326970073
24150.060285967
1339.8326970073
24181.920523812
1339.8326970073
24213.780761656
1339.8326970073
24245.6409995
1339.8326970073
24277.501237344
1339.8326970073
24309.361475189
1339.8326970073
24341.221713033
1339.8326970073
24373.081950877
1339.8326970073
24404.942188722
1339.8326970073
24436.802426566
1339.8326970073
24468.66266441
1339.8326970073
24500.522902254
1339.8326970073
24532.383140099
1339.8326970073
24564.243377943
1339.8326970073
24596.103615787
1339.8326970073
24627.963853632
1339.8326970073
24659.824091476
1339.8326970073
24691.68432932
1339.8326970073
24723.544567164
1339.8326970073
24755.404805009
1339.8326970073
24787.265042853
1339.8326970073
24819.125280697
1339.8326970073
24850.985518542
1339.8326970073
24882.845756386
1339.8326970073
24914.70599423
1339.8326970073
24946.566232074
1339.8326970073
24978.426469919
1339.8326970073
25010.286707763
1339.8326970073
25042.146945607
1339.8326970073
25074.007183452
1339.8326970073
25105.867421296
1339.8326970073
25137.72765914
1339.8326970073
25169.587896984
1339.8326970073
25201.448134829
1339.8326970073
25233.308372673
1339.8326970073
25265.168610517
1339.8326970073
25297.028848362
1339.8326970073
25328.889086206
1339.8326970073
25360.74932405
1339.8326970073
25392.609561894
1339.8326970073
25424.469799739
1339.8326970073
25456.330037583
1339.8326970073
25488.190275427
1339.8326970073
25520.050513271
1339.8326970073
25551.910751116
1339.8326970073
25583.77098896
1339.8326970073
25615.631226804
1339.8326970073
25647.491464649
1339.8326970073
25679.351702493
1339.8326970073
25711.211940337
1339.8326970073
25743.072178181
1339.8326970073
25774.932416026
1339.8326970073
25806.79265387
1339.8326970073
25838.652891714
1339.8326970073
25870.513129559
1339.8326970073
25902.373367403
1339.8326970073
25934.233605247
1339.8326970073
25966.093843091
1339.8326970073
25997.954080936
1339.8326970073
26029.81431878
1339.8326970073
26061.674556624
1339.8326970073
26093.534794469
1339.8326970073
26125.395032313
1339.8326970073
26157.255270157
1339.8326970073
26189.115508001
1339.8326970073
26220.975745846
1339.8326970073
26252.83598369
1339.8326970073
26284.696221534
1339.8326970073
26316.556459379
1339.8326970073
26348.416697223
1339.8326970073
26380.276935067
1339.8326970073
26412.137172911
1339.8326970073
26443.997410756
1339.8326970073
26475.8576486
1339.8326970073
26507.717886444
1339.8326970073
26539.578124289
1339.8326970073
26571.438362133
1339.8326970073
26603.298599977
1339.8326970073
26635.158837821
1339.8326970073
26667.019075666
1339.8326970073
26698.87931351
1339.8326970073
26730.739551354
1339.8326970073
26762.599789199
1339.8326970073
26794.460027043
1339.8326970073
26826.320264887
1339.8326970073
26858.180502731
1339.8326970073
26890.040740576
1339.8326970073
26921.90097842
1339.8326970073
26953.761216264
1339.8326970073
26985.621454109
1339.8326970073
27017.481691953
1339.8326970073
27049.341929797
1339.8326970073
27081.202167641
1339.8326970073
27113.062405486
1339.8326970073
27144.92264333
1339.8326970073
27176.782881174
1339.8326970073
27208.643119019
1339.8326970073
27240.503356863
1339.8326970073
27272.363594707
1339.8326970073
27304.223832551
1339.8326970073
27336.084070396
1339.8326970073
27367.94430824
1339.8326970073
27399.804546084
1339.8326970073
27431.664783929
1339.8326970073
27463.525021773
1339.8326970073
27495.385259617
1339.8326970073
27527.245497461
1339.8326970073
27559.105735306
1339.8326970073
27590.96597315
1339.8326970073
27622.826210994
1339.8326970073
27654.686448839
1339.8326970073
27686.546686683
1339.8326970073
27718.406924527
1339.8326970073
27750.267162371
1339.8326970073
27782.127400216
1339.8326970073
27813.98763806
1339.8326970073
27845.847875904
1339.8326970073
27877.708113749
1339.8326970073
27909.568351593
1339.8326970073
27941.428589437
1339.8326970073
27973.288827281
1339.8326970073
28005.149065126
1339.8326970073
28037.00930297
1339.8326970073
28068.869540814
1339.8326970073
28100.729778659
1339.8326970073
28132.590016503
1339.8326970073
28164.450254347
1339.8326970073
28196.310492191
1339.8326970073
28228.170730036
1339.8326970073
28260.03096788
1339.8326970073
28291.891205724
1339.8326970073
28323.751443568
1339.8326970073
28355.611681413
1339.8326970073
28387.471919257
1339.8326970073
28419.332157101
1339.8326970073
28451.192394946
1339.8326970073
28483.05263279
1339.8326970073
28514.912870634
1339.8326970073
28546.773108478
1339.8326970073
28578.633346323
1339.8326970073
28610.493584167
1339.8326970073
28642.353822011
1339.8326970073
28674.214059856
1339.8326970073
28706.0742977
1339.8326970073
28737.934535544
1339.8326970073
28769.794773388
1339.8326970073
28801.655011233
1339.8326970073
28833.515249077
1339.8326970073
28865.375486921
1339.8326970073
28897.235724766
1339.8326970073
28929.09596261
1339.8326970073
28960.956200454
1339.8326970073
28992.816438298
1339.8326970073
29024.676676143
1339.8326970073
29056.536913987
1339.8326970073
29088.397151831
1339.8326970073
29120.257389676
1339.8326970073
29152.11762752
1339.8326970073
29183.977865364
1339.8326970073
29215.838103208
1339.8326970073
29247.698341053
1339.8326970073
29279.558578897
1339.8326970073
29311.418816741
1339.8326970073
29343.279054586
1339.8326970073
29375.13929243
1339.8326970073
29406.999530274
1339.8326970073
29438.859768118
1339.8326970073
29470.720005963
1339.8326970073
29502.580243807
1339.8326970073
29534.440481651
1339.8326970073
29566.300719496
1339.8326970073
29598.16095734
1339.8326970073
29630.021195184
1339.8326970073
29661.881433028
1339.8326970073
29693.741670873
1339.8326970073
29725.601908717
1339.8326970073
29757.462146561
1339.8326970073
29789.322384406
1339.8326970073
29821.18262225
1339.8326970073
29853.042860094
1339.8326970073
29884.903097938
1339.8326970073
29916.763335783
1339.8326970073
29948.623573627
1339.8326970073
29980.483811471
1339.8326970073
30012.344049316
1339.8326970073
30044.20428716
1339.8326970073
30076.064525004
1339.8326970073
30107.924762848
1339.8326970073
30139.785000693
1339.8326970073
30171.645238537
1339.8326970073
30203.505476381
1339.8326970073
30235.365714226
1339.8326970073
30267.22595207
1339.8326970073
30299.086189914
1339.8326970073
30330.946427758
1339.8326970073
30362.806665603
1339.8326970073
30394.666903447
1339.8326970073
30426.527141291
1339.8326970073
30458.387379136
1339.8326970073
30490.24761698
1339.8326970073
30522.107854824
1339.8326970073
30553.968092668
1339.8326970073
30585.828330513
1339.8326970073
30617.688568357
1339.8326970073
30649.548806201
1339.8326970073
30681.409044046
1339.8326970073
30713.26928189
1339.8326970073
30745.129519734
1339.8326970073
30776.989757578
1339.8326970073
30808.849995423
1339.8326970073
30840.710233267
1339.8326970073
30872.570471111
1339.8326970073
30904.430708955
1339.8326970073
30936.2909468
1339.8326970073
30968.151184644
1339.8326970073
31000.011422488
1339.8326970073
31031.871660333
1339.8326970073
31063.731898177
1339.8326970073
31095.592136021
1339.8326970073
31127.452373865
1339.8326970073
31159.31261171
1339.8326970073
31191.172849554
1339.8326970073
31223.033087398
1339.8326970073
31254.893325243
1339.8326970073
31286.753563087
1339.8326970073
31318.613800931
1339.8326970073
31350.474038775
1339.8326970073
31382.33427662
1339.8326970073
31414.194514464
1339.8326970073
31446.054752308
1339.8326970073
31477.914990153
1339.8326970073
31509.775227997
1339.8326970073
31541.635465841
1339.8326970073
31573.495703685
1339.8326970073
31605.35594153
1339.8326970073
31637.216179374
1339.8326970073
31669.076417218
1339.8326970073
31700.936655063
1339.8326970073
31732.796892907
1339.8326970073
31764.657130751
1339.8326970073
31796.517368595
1339.8326970073
31828.37760644
1339.8326970073
