0
1339.8326970073
1.8000015203962
1339.8326970073
3.6000030407925
1339.8326970073
5.4000045611887
1339.8326970073
7.200006081585
1339.8326970073
9.0000076019812
1339.8326970073
10.800009122377
1339.8326970073
12.600010642774
1339.8326970073
14.40001216317
1339.8326970073
16.200013683566
1339.8326970073
18.000015203962
1339.8326970073
19.800016724359
1339.8326970073
21.600018244755
1339.8326970073
23.400019765151
1339.8326970073
25.200021285547
1339.8326970073
27.000022805944
1339.8326970073
28.80002432634
1339.8326970073
30.600025846736
1339.8326970073
32.400027367132
1339.8326970073
34.200028887529
1339.8326970073
36.000030407925
1339.8326970073
37.800031928321
1339.8326970073
39.600033448717
1339.8326970073
41.400034969114
1339.8326970073
43.20003648951
1339.8326970073
45.000038009906
1339.8326970073
46.800039530302
1339.8326970073
48.600041050699
1339.8326970073
50.400042571095
1339.8326970073
52.200044091491
1339.8326970073
54.000045611887
1339.8326970073
55.800047132283
1339.8326970073
57.60004865268
1339.8326970073
59.400050173076
1339.8326970073
61.200051693472
1339.8326970073
63.000053213868
1339.8326970073
64.800054734265
1339.8326970073
66.600056254661
1339.8326970073
68.400057775057
1339.8326970073
70.200059295453
1339.8326970073
72.00006081585
1339.8326970073
73.800062336246
1339.8326970073
75.600063856642
1339.8326970073
77.400065377038
1339.8326970073
79.200066897435
1339.8326970073
81.000068417831
1339.8326970073
82.800069938227
1339.8326970073
84.600071458623
1339.8326970073
86.40007297902
1339.8326970073
88.200074499416
1339.8326970073
90.000076019812
1339.8326970073
91.800077540208
1339.8326970073
93.600079060605
1339.8326970073
95.400080581001
1339.8326970073
97.200082101397
1339.8326970073
99.000083621793
1339.8326970073
100.80008514219
1339.8326970073
102.60008666259
1339.8326970073
104.40008818298
1339.8326970073
106.20008970338
1339.8326970073
108.00009122377
1339.8326970073
109.80009274417
1339.8326970073
111.60009426457
1339.8326970073
113.40009578496
1339.8326970073
115.20009730536
1339.8326970073
117.00009882576
1339.8326970073
118.80010034615
1339.8326970073
120.60010186655
1339.8326970073
122.40010338694
1339.8326970073
124.20010490734
1339.8326970073
126.00010642774
1339.8326970073
127.80010794813
1339.8326970073
129.60010946853
1339.8326970073
131.40011098893
1339.8326970073
133.20011250932
1339.8326970073
135.00011402972
1339.8326970073
136.80011555011
1339.8326970073
138.60011707051
1339.8326970073
140.40011859091
1339.8326970073
142.2001201113
1339.8326970073
144.0001216317
1339.8326970073
145.8001231521
1339.8326970073
147.60012467249
1339.8326970073
149.40012619289
1339.8326970073
151.20012771328
1339.8326970073
153.00012923368
1339.8326970073
154.80013075408
1339.8326970073
156.60013227447
1339.8326970073
158.40013379487
1339.8326970073
160.20013531527
1339.8326970073
162.00013683566
1339.8326970073
163.80013835606
1339.8326970073
165.60013987645
1339.8326970073
167.40014139685
1339.8326970073
169.20014291725
1339.8326970073
171.00014443764
1339.8326970073
172.80014595804
1339.8326970073
174.60014747844
1339.8326970073
176.40014899883
1339.8326970073
178.20015051923
1339.8326970073
180.00015203962
1339.8326970073
181.80015356002
1339.8326970073
183.60015508042
1339.8326970073
185.40015660081
1339.8326970073
187.20015812121
1339.8326970073
189.00015964161
1339.8326970073
190.800161162
1339.8326970073
192.6001626824
1339.8326970073
194.40016420279
1339.8326970073
196.20016572319
1339.8326970073
198.00016724359
1339.8326970073
199.80016876398
1339.8326970073
201.60017028438
1339.8326970073
203.40017180478
1339.8326970073
205.20017332517
1339.8326970073
207.00017484557
1339.8326970073
208.80017636596
1339.8326970073
210.60017788636
1339.8326970073
212.40017940676
1339.8326970073
214.20018092715
1339.8326970073
216.00018244755
1339.8326970073
217.80018396795
1339.8326970073
219.60018548834
1339.8326970073
221.40018700874
1339.8326970073
223.20018852913
1339.8326970073
225.00019004953
1339.8326970073
226.80019156993
1339.8326970073
228.60019309032
1339.8326970073
230.40019461072
1339.8326970073
232.20019613112
1339.8326970073
234.00019765151
1339.8326970073
235.80019917191
1339.8326970073
237.6002006923
1339.8326970073
239.4002022127
1339.8326970073
241.2002037331
1339.8326970073
243.00020525349
1339.8326970073
244.80020677389
1339.8326970073
246.60020829429
1339.8326970073
248.40020981468
1339.8326970073
250.20021133508
1339.8326970073
252.00021285547
1339.8326970073
253.80021437587
1339.8326970073
255.60021589627
1339.8326970073
257.40021741666
1339.8326970073
259.20021893706
1339.8326970073
261.00022045746
1339.8326970073
262.80022197785
1339.8326970073
264.60022349825
1339.8326970073
266.40022501864
1339.8326970073
268.20022653904
1339.8326970073
270.00022805944
1339.8326970073
271.80022957983
1339.8326970073
273.60023110023
1339.8326970073
275.40023262062
1339.8326970073
277.20023414102
1339.8326970073
279.00023566142
1339.8326970073
280.80023718181
1339.8326970073
282.60023870221
1339.8326970073
284.40024022261
1339.8326970073
286.200241743
1339.8326970073
288.0002432634
1339.8326970073
289.80024478379
1339.8326970073
291.60024630419
1339.8326970073
293.40024782459
1339.8326970073
295.20024934498
1339.8326970073
297.00025086538
1339.8326970073
298.80025238578
1339.8326970073
300.60025390617
1339.8326970073
302.40025542657
1339.8326970073
304.20025694696
1339.8326970073
306.00025846736
1339.8326970073
307.80025998776
1339.8326970073
309.60026150815
1339.8326970073
311.40026302855
1339.8326970073
313.20026454895
1339.8326970073
315.00026606934
1339.8326970073
316.80026758974
1339.8326970073
318.60026911013
1339.8326970073
320.40027063053
1339.8326970073
322.20027215093
1339.8326970073
324.00027367132
1339.8326970073
325.80027519172
1339.8326970073
327.60027671212
1339.8326970073
329.40027823251
1339.8326970073
331.20027975291
1339.8326970073
333.0002812733
1339.8326970073
334.8002827937
1339.8326970073
336.6002843141
1339.8326970073
338.40028583449
1339.8326970073
340.20028735489
1339.8326970073
342.00028887529
1339.8326970073
343.80029039568
1339.8326970073
345.60029191608
1339.8326970073
347.40029343647
1339.8326970073
349.20029495687
1339.8326970073
351.00029647727
1339.8326970073
352.80029799766
1339.8326970073
354.60029951806
1339.8326970073
356.40030103846
1339.8326970073
358.20030255885
1339.8326970073
360.00030407925
1339.8326970073
361.80030559964
1339.8326970073
363.60030712004
1339.8326970073
365.40030864044
1339.8326970073
367.20031016083
1339.8326970073
369.00031168123
1339.8326970073
370.80031320163
1339.8326970073
372.60031472202
1339.8326970073
374.40031624242
1339.8326970073
376.20031776281
1339.8326970073
378.00031928321
1339.8326970073
379.80032080361
1339.8326970073
381.600322324
1339.8326970073
383.4003238444
1339.8326970073
385.2003253648
1339.8326970073
387.00032688519
1339.8326970073
388.80032840559
1339.8326970073
390.60032992598
1339.8326970073
392.40033144638
1339.8326970073
394.20033296678
1339.8326970073
396.00033448717
1339.8326970073
397.80033600757
1339.8326970073
399.60033752797
1339.8326970073
401.40033904836
1339.8326970073
403.20034056876
1339.8326970073
405.00034208915
1339.8326970073
406.80034360955
1339.8326970073
408.60034512995
1339.8326970073
410.40034665034
1339.8326970073
412.20034817074
1339.8326970073
414.00034969114
1339.8326970073
415.80035121153
1339.8326970073
417.60035273193
1339.8326970073
419.40035425232
1339.8326970073
421.20035577272
1339.8326970073
423.00035729312
1339.8326970073
424.80035881351
1339.8326970073
426.60036033391
1339.8326970073
428.40036185431
1339.8326970073
430.2003633747
1339.8326970073
432.0003648951
1339.8326970073
433.80036641549
1339.8326970073
435.60036793589
1339.8326970073
437.40036945629
1339.8326970073
439.20037097668
1339.8326970073
441.00037249708
1339.8326970073
442.80037401748
1339.8326970073
444.60037553787
1339.8326970073
446.40037705827
1339.8326970073
448.20037857866
1339.8326970073
450.00038009906
1339.8326970073
451.80038161946
1339.8326970073
453.60038313985
1339.8326970073
455.40038466025
1339.8326970073
457.20038618065
1339.8326970073
459.00038770104
1339.8326970073
460.80038922144
1339.8326970073
462.60039074183
1339.8326970073
464.40039226223
1339.8326970073
466.20039378263
1339.8326970073
468.00039530302
1339.8326970073
469.80039682342
1339.8326970073
471.60039834382
1339.8326970073
473.40039986421
1339.8326970073
475.20040138461
1339.8326970073
477.000402905
1339.8326970073
478.8004044254
1339.8326970073
480.6004059458
1339.8326970073
482.40040746619
1339.8326970073
484.20040898659
1339.8326970073
486.00041050699
1339.8326970073
487.80041202738
1339.8326970073
489.60041354778
1339.8326970073
491.40041506817
1339.8326970073
493.20041658857
1339.8326970073
495.00041810897
1339.8326970073
496.80041962936
1339.8326970073
498.60042114976
1339.8326970073
500.40042267016
1339.8326970073
502.20042419055
1339.8326970073
504.00042571095
1339.8326970073
505.80042723134
1339.8326970073
507.60042875174
1339.8326970073
509.40043027214
1339.8326970073
511.20043179253
1339.8326970073
513.00043331293
1339.8326970073
514.80043483332
1339.8326970073
516.60043635372
1339.8326970073
518.40043787412
1339.8326970073
520.20043939451
1339.8326970073
522.00044091491
1339.8326970073
523.80044243531
1339.8326970073
525.6004439557
1339.8326970073
527.4004454761
1339.8326970073
529.20044699649
1339.8326970073
531.00044851689
1339.8326970073
532.80045003729
1339.8326970073
534.60045155768
1339.8326970073
536.40045307808
1339.8326970073
538.20045459848
1339.8326970073
540.00045611887
1339.8326970073
541.80045763927
1339.8326970073
543.60045915966
1339.8326970073
545.40046068006
1339.8326970073
547.20046220046
1339.8326970073
549.00046372085
1339.8326970073
550.80046524125
1339.8326970073
552.60046676165
1339.8326970073
554.40046828204
1339.8326970073
556.20046980244
1339.8326970073
558.00047132283
1339.8326970073
559.80047284323
1339.8326970073
561.60047436363
1339.8326970073
563.40047588402
1339.8326970073
565.20047740442
1339.8326970073
567.00047892482
1339.8326970073
568.80048044521
1339.8326970073
570.60048196561
1339.8326970073
572.400483486
1339.8326970073
574.2004850064
1339.8326970073
576.0004865268
1339.8326970073
577.80048804719
1339.8326970073
579.60048956759
1339.8326970073
581.40049108799
1339.8326970073
583.20049260838
1339.8326970073
585.00049412878
1339.8326970073
586.80049564917
1339.8326970073
588.60049716957
1339.8326970073
590.40049868997
1339.8326970073
592.20050021036
1339.8326970073
594.00050173076
1339.8326970073
595.80050325116
1339.8326970073
597.60050477155
1339.8326970073
599.40050629195
1339.8326970073
601.20050781234
1339.8326970073
603.00050933274
1339.8326970073
604.80051085314
1339.8326970073
606.60051237353
1339.8326970073
608.40051389393
1339.8326970073
610.20051541433
1339.8326970073
612.00051693472
1339.8326970073
613.80051845512
1339.8326970073
615.60051997551
1339.8326970073
617.40052149591
1339.8326970073
619.20052301631
1339.8326970073
621.0005245367
1339.8326970073
622.8005260571
1339.8326970073
624.6005275775
1339.8326970073
626.40052909789
1339.8326970073
628.20053061829
1339.8326970073
630.00053213868
1339.8326970073
631.80053365908
1339.8326970073
633.60053517948
1339.8326970073
635.40053669987
1339.8326970073
637.20053822027
1339.8326970073
639.00053974067
1339.8326970073
640.80054126106
1339.8326970073
642.60054278146
1339.8326970073
644.40054430185
1339.8326970073
646.20054582225
1339.8326970073
648.00054734265
1339.8326970073
649.80054886304
1339.8326970073
651.60055038344
1339.8326970073
653.40055190384
1339.8326970073
655.20055342423
1339.8326970073
657.00055494463
1339.8326970073
658.80055646502
1339.8326970073
660.60055798542
1339.8326970073
662.40055950582
1339.8326970073
664.20056102621
1339.8326970073
666.00056254661
1339.8326970073
667.80056406701
1339.8326970073
669.6005655874
1339.8326970073
671.4005671078
1339.8326970073
673.20056862819
1339.8326970073
675.00057014859
1339.8326970073
676.80057166899
1339.8326970073
678.60057318938
1339.8326970073
680.40057470978
1339.8326970073
682.20057623018
1339.8326970073
684.00057775057
1339.8326970073
685.80057927097
1339.8326970073
687.60058079136
1339.8326970073
689.40058231176
1339.8326970073
691.20058383216
1339.8326970073
693.00058535255
1339.8326970073
694.80058687295
1339.8326970073
696.60058839335
1339.8326970073
698.40058991374
1339.8326970073
700.20059143414
1339.8326970073
702.00059295453
1339.8326970073
703.80059447493
1339.8326970073
705.60059599533
1339.8326970073
707.40059751572
1339.8326970073
709.20059903612
1339.8326970073
711.00060055652
1339.8326970073
712.80060207691
1339.8326970073
714.60060359731
1339.8326970073
716.4006051177
1339.8326970073
718.2006066381
1339.8326970073
720.0006081585
1339.8326970073
721.80060967889
1339.8326970073
723.60061119929
1339.8326970073
725.40061271969
1339.8326970073
727.20061424008
1339.8326970073
729.00061576048
1339.8326970073
730.80061728087
1339.8326970073
732.60061880127
1339.8326970073
734.40062032167
1339.8326970073
736.20062184206
1339.8326970073
738.00062336246
1339.8326970073
739.80062488286
1339.8326970073
741.60062640325
1339.8326970073
743.40062792365
1339.8326970073
745.20062944404
1339.8326970073
747.00063096444
1339.8326970073
748.80063248484
1339.8326970073
750.60063400523
1339.8326970073
752.40063552563
1339.8326970073
754.20063704603
1339.8326970073
756.00063856642
1339.8326970073
757.80064008682
1339.8326970073
759.60064160721
1339.8326970073
761.40064312761
1339.8326970073
763.20064464801
1339.8326970073
765.0006461684
1339.8326970073
766.8006476888
1339.8326970073
768.6006492092
1339.8326970073
770.40065072959
1339.8326970073
772.20065224999
1339.8326970073
774.00065377038
1339.8326970073
775.80065529078
1339.8326970073
777.60065681118
1339.8326970073
779.40065833157
1339.8326970073
781.20065985197
1339.8326970073
783.00066137236
1339.8326970073
784.80066289276
1339.8326970073
786.60066441316
1339.8326970073
788.40066593355
1339.8326970073
790.20066745395
1339.8326970073
792.00066897435
1339.8326970073
793.80067049474
1339.8326970073
795.60067201514
1339.8326970073
797.40067353553
1339.8326970073
799.20067505593
1339.8326970073
801.00067657633
1339.8326970073
802.80067809672
1339.8326970073
804.60067961712
1339.8326970073
806.40068113752
1339.8326970073
808.20068265791
1339.8326970073
810.00068417831
1339.8326970073
811.8006856987
1339.8326970073
813.6006872191
1339.8326970073
815.4006887395
1339.8326970073
817.20069025989
1339.8326970073
819.00069178029
1339.8326970073
820.80069330069
1339.8326970073
822.60069482108
1339.8326970073
824.40069634148
1339.8326970073
826.20069786187
1339.8326970073
828.00069938227
1339.8326970073
829.80070090267
1339.8326970073
831.60070242306
1339.8326970073
833.40070394346
1339.8326970073
835.20070546386
1339.8326970073
837.00070698425
1339.8326970073
838.80070850465
1339.8326970073
840.60071002504
1339.8326970073
842.40071154544
1339.8326970073
844.20071306584
1339.8326970073
846.00071458623
1339.8326970073
847.80071610663
1339.8326970073
849.60071762703
1339.8326970073
851.40071914742
1339.8326970073
853.20072066782
1339.8326970073
855.00072218821
1339.8326970073
856.80072370861
1339.8326970073
858.60072522901
1339.8326970073
860.4007267494
1339.8326970073
862.2007282698
1339.8326970073
864.0007297902
1339.8326970073
865.80073131059
1339.8326970073
867.60073283099
1339.8326970073
869.40073435138
1339.8326970073
871.20073587178
1339.8326970073
873.00073739218
1339.8326970073
874.80073891257
1339.8326970073
876.60074043297
1339.8326970073
878.40074195337
1339.8326970073
880.20074347376
1339.8326970073
882.00074499416
1339.8326970073
883.80074651455
1339.8326970073
885.60074803495
1339.8326970073
887.40074955535
1339.8326970073
889.20075107574
1339.8326970073
891.00075259614
1339.8326970073
892.80075411654
1339.8326970073
894.60075563693
1339.8326970073
896.40075715733
1339.8326970073
898.20075867772
1339.8326970073
900.00076019812
1339.8326970073
901.80076171852
1339.8326970073
903.60076323891
1339.8326970073
905.40076475931
1339.8326970073
907.20076627971
1339.8326970073
909.0007678001
1339.8326970073
910.8007693205
1339.8326970073
912.60077084089
1339.8326970073
914.40077236129
1339.8326970073
916.20077388169
1339.8326970073
918.00077540208
1339.8326970073
919.80077692248
1339.8326970073
921.60077844288
1339.8326970073
923.40077996327
1339.8326970073
925.20078148367
1339.8326970073
927.00078300406
1339.8326970073
928.80078452446
1339.8326970073
930.60078604486
1339.8326970073
932.40078756525
1339.8326970073
934.20078908565
1339.8326970073
936.00079060605
1339.8326970073
937.80079212644
1339.8326970073
939.60079364684
1339.8326970073
941.40079516723
1339.8326970073
943.20079668763
1339.8326970073
945.00079820803
1339.8326970073
946.80079972842
1339.8326970073
948.60080124882
1339.8326970073
950.40080276922
1339.8326970073
952.20080428961
1339.8326970073
954.00080581001
1339.8326970073
955.8008073304
1339.8326970073
957.6008088508
1339.8326970073
959.4008103712
1339.8326970073
961.20081189159
1339.8326970073
963.00081341199
1339.8326970073
964.80081493239
1339.8326970073
966.60081645278
1339.8326970073
968.40081797318
1339.8326970073
970.20081949357
1339.8326970073
972.00082101397
1339.8326970073
973.80082253437
1339.8326970073
975.60082405476
1339.8326970073
977.40082557516
1339.8326970073
979.20082709556
1339.8326970073
981.00082861595
1339.8326970073
982.80083013635
1339.8326970073
984.60083165674
1339.8326970073
986.40083317714
1339.8326970073
988.20083469754
1339.8326970073
990.00083621793
1339.8326970073
991.80083773833
1339.8326970073
993.60083925873
1339.8326970073
995.40084077912
1339.8326970073
997.20084229952
1339.8326970073
999.00084381991
1339.8326970073
1000.8008453403
1339.8326970073
1002.6008468607
1339.8326970073
1004.4008483811
1339.8326970073
1006.2008499015
1339.8326970073
1008.0008514219
1339.8326970073
1009.8008529423
1339.8326970073
1011.6008544627
1339.8326970073
1013.4008559831
1339.8326970073
1015.2008575035
1339.8326970073
1017.0008590239
1339.8326970073
1018.8008605443
1339.8326970073
1020.6008620647
1339.8326970073
1022.4008635851
1339.8326970073
1024.2008651055
1339.8326970073
1026.0008666259
1339.8326970073
1027.8008681463
1339.8326970073
1029.6008696666
1339.8326970073
1031.400871187
1339.8326970073
1033.2008727074
1339.8326970073
1035.0008742278
1339.8326970073
1036.8008757482
1339.8326970073
1038.6008772686
1339.8326970073
1040.400878789
1339.8326970073
1042.2008803094
1339.8326970073
1044.0008818298
1339.8326970073
1045.8008833502
1339.8326970073
1047.6008848706
1339.8326970073
1049.400886391
1339.8326970073
1051.2008879114
1339.8326970073
1053.0008894318
1339.8326970073
1054.8008909522
1339.8326970073
1056.6008924726
1339.8326970073
1058.400893993
1339.8326970073
1060.2008955134
1339.8326970073
1062.0008970338
1339.8326970073
1063.8008985542
1339.8326970073
1065.6009000746
1339.8326970073
1067.400901595
1339.8326970073
1069.2009031154
1339.8326970073
1071.0009046358
1339.8326970073
1072.8009061562
1339.8326970073
1074.6009076766
1339.8326970073
1076.400909197
1339.8326970073
1078.2009107173
1339.8326970073
1080.0009122377
1339.8326970073
1081.8009137581
1339.8326970073
1083.6009152785
1339.8326970073
1085.4009167989
1339.8326970073
1087.2009183193
1339.8326970073
1089.0009198397
1339.8326970073
1090.8009213601
1339.8326970073
1092.6009228805
1339.8326970073
1094.4009244009
1339.8326970073
1096.2009259213
1339.8326970073
1098.0009274417
1339.8326970073
1099.8009289621
1339.8326970073
1101.6009304825
1339.8326970073
1103.4009320029
1339.8326970073
1105.2009335233
1339.8326970073
1107.0009350437
1339.8326970073
1108.8009365641
1339.8326970073
1110.6009380845
1339.8326970073
1112.4009396049
1339.8326970073
1114.2009411253
1339.8326970073
1116.0009426457
1339.8326970073
1117.8009441661
1339.8326970073
1119.6009456865
1339.8326970073
1121.4009472069
1339.8326970073
1123.2009487273
1339.8326970073
1125.0009502477
1339.8326970073
1126.800951768
1339.8326970073
1128.6009532884
1339.8326970073
1130.4009548088
1339.8326970073
1132.2009563292
1339.8326970073
1134.0009578496
1339.8326970073
1135.80095937
1339.8326970073
1137.6009608904
1339.8326970073
1139.4009624108
1339.8326970073
1141.2009639312
1339.8326970073
1143.0009654516
1339.8326970073
1144.800966972
1339.8326970073
1146.6009684924
1339.8326970073
1148.4009700128
1339.8326970073
1150.2009715332
1339.8326970073
1152.0009730536
1339.8326970073
1153.800974574
1339.8326970073
1155.6009760944
1339.8326970073
1157.4009776148
1339.8326970073
1159.2009791352
1339.8326970073
1161.0009806556
1339.8326970073
1162.800982176
1339.8326970073
1164.6009836964
1339.8326970073
1166.4009852168
1339.8326970073
1168.2009867372
1339.8326970073
1170.0009882576
1339.8326970073
1171.800989778
1339.8326970073
1173.6009912983
1339.8326970073
1175.4009928187
1339.8326970073
1177.2009943391
1339.8326970073
1179.0009958595
1339.8326970073
1180.8009973799
1339.8326970073
1182.6009989003
1339.8326970073
1184.4010004207
1339.8326970073
1186.2010019411
1339.8326970073
1188.0010034615
1339.8326970073
1189.8010049819
1339.8326970073
1191.6010065023
1339.8326970073
1193.4010080227
1339.8326970073
1195.2010095431
1339.8326970073
1197.0010110635
1339.8326970073
1198.8010125839
1339.8326970073
1200.6010141043
1339.8326970073
1202.4010156247
1339.8326970073
1204.2010171451
1339.8326970073
1206.0010186655
1339.8326970073
1207.8010201859
1339.8326970073
1209.6010217063
1339.8326970073
1211.4010232267
1339.8326970073
1213.2010247471
1339.8326970073
1215.0010262675
1339.8326970073
1216.8010277879
1339.8326970073
1218.6010293083
1339.8326970073
1220.4010308287
1339.8326970073
1222.201032349
1339.8326970073
1224.0010338694
1339.8326970073
1225.8010353898
1339.8326970073
1227.6010369102
1339.8326970073
1229.4010384306
1339.8326970073
1231.201039951
1339.8326970073
1233.0010414714
1339.8326970073
1234.8010429918
1339.8326970073
1236.6010445122
1339.8326970073
1238.4010460326
1339.8326970073
1240.201047553
1339.8326970073
1242.0010490734
1339.8326970073
1243.8010505938
1339.8326970073
1245.6010521142
1339.8326970073
1247.4010536346
1339.8326970073
1249.201055155
1339.8326970073
1251.0010566754
1339.8326970073
1252.8010581958
1339.8326970073
1254.6010597162
1339.8326970073
1256.4010612366
1339.8326970073
1258.201062757
1339.8326970073
1260.0010642774
1339.8326970073
1261.8010657978
1339.8326970073
1263.6010673182
1339.8326970073
1265.4010688386
1339.8326970073
1267.201070359
1339.8326970073
1269.0010718794
1339.8326970073
1270.8010733997
1339.8326970073
1272.6010749201
1339.8326970073
1274.4010764405
1339.8326970073
1276.2010779609
1339.8326970073
1278.0010794813
1339.8326970073
1279.8010810017
1339.8326970073
1281.6010825221
1339.8326970073
1283.4010840425
1339.8326970073
1285.2010855629
1339.8326970073
1287.0010870833
1339.8326970073
1288.8010886037
1339.8326970073
1290.6010901241
1339.8326970073
1292.4010916445
1339.8326970073
1294.2010931649
1339.8326970073
1296.0010946853
1339.8326970073
1297.8010962057
1339.8326970073
1299.6010977261
1339.8326970073
1301.4010992465
1339.8326970073
1303.2011007669
1339.8326970073
1305.0011022873
1339.8326970073
1306.8011038077
1339.8326970073
1308.6011053281
1339.8326970073
1310.4011068485
1339.8326970073
1312.2011083689
1339.8326970073
1314.0011098893
1339.8326970073
1315.8011114097
1339.8326970073
1317.60111293
1339.8326970073
1319.4011144504
1339.8326970073
1321.2011159708
1339.8326970073
1323.0011174912
1339.8326970073
1324.8011190116
1339.8326970073
1326.601120532
1339.8326970073
1328.4011220524
1339.8326970073
1330.2011235728
1339.8326970073
1332.0011250932
1339.8326970073
1333.8011266136
1339.8326970073
1335.601128134
1339.8326970073
1337.4011296544
1339.8326970073
1339.2011311748
1339.8326970073
1341.0011326952
1339.8326970073
1342.8011342156
1339.8326970073
1344.601135736
1339.8326970073
1346.4011372564
1339.8326970073
1348.2011387768
1339.8326970073
1350.0011402972
1339.8326970073
1351.8011418176
1339.8326970073
1353.601143338
1339.8326970073
1355.4011448584
1339.8326970073
1357.2011463788
1339.8326970073
1359.0011478992
1339.8326970073
1360.8011494196
1339.8326970073
1362.60115094
1339.8326970073
1364.4011524604
1339.8326970073
1366.2011539807
1339.8326970073
1368.0011555011
1339.8326970073
1369.8011570215
1339.8326970073
1371.6011585419
1339.8326970073
1373.4011600623
1339.8326970073
1375.2011615827
1339.8326970073
1377.0011631031
1339.8326970073
1378.8011646235
1339.8326970073
1380.6011661439
1339.8326970073
1382.4011676643
1339.8326970073
1384.2011691847
1339.8326970073
1386.0011707051
1339.8326970073
1387.8011722255
1339.8326970073
1389.6011737459
1339.8326970073
1391.4011752663
1339.8326970073
1393.2011767867
1339.8326970073
1395.0011783071
1339.8326970073
1396.8011798275
1339.8326970073
1398.6011813479
1339.8326970073
1400.4011828683
1339.8326970073
1402.2011843887
1339.8326970073
1404.0011859091
1339.8326970073
1405.8011874295
1339.8326970073
1407.6011889499
1339.8326970073
1409.4011904703
1339.8326970073
1411.2011919907
1339.8326970073
1413.001193511
1339.8326970073
1414.8011950314
1339.8326970073
1416.6011965518
1339.8326970073
1418.4011980722
1339.8326970073
1420.2011995926
1339.8326970073
1422.001201113
1339.8326970073
1423.8012026334
1339.8326970073
1425.6012041538
1339.8326970073
1427.4012056742
1339.8326970073
1429.2012071946
1339.8326970073
1431.001208715
1339.8326970073
1432.8012102354
1339.8326970073
1434.6012117558
1339.8326970073
1436.4012132762
1339.8326970073
1438.2012147966
1339.8326970073
1440.001216317
1339.8326970073
1441.8012178374
1339.8326970073
1443.6012193578
1339.8326970073
1445.4012208782
1339.8326970073
1447.2012223986
1339.8326970073
1449.001223919
1339.8326970073
1450.8012254394
1339.8326970073
1452.6012269598
1339.8326970073
1454.4012284802
1339.8326970073
1456.2012300006
1339.8326970073
1458.001231521
1339.8326970073
1459.8012330414
1339.8326970073
1461.6012345617
1339.8326970073
1463.4012360821
1339.8326970073
1465.2012376025
1339.8326970073
1467.0012391229
1339.8326970073
1468.8012406433
1339.8326970073
1470.6012421637
1339.8326970073
1472.4012436841
1339.8326970073
1474.2012452045
1339.8326970073
1476.0012467249
1339.8326970073
1477.8012482453
1339.8326970073
1479.6012497657
1339.8326970073
1481.4012512861
1339.8326970073
1483.2012528065
1339.8326970073
1485.0012543269
1339.8326970073
1486.8012558473
1339.8326970073
1488.6012573677
1339.8326970073
1490.4012588881
1339.8326970073
1492.2012604085
1339.8326970073
1494.0012619289
1339.8326970073
1495.8012634493
1339.8326970073
1497.6012649697
1339.8326970073
1499.4012664901
1339.8326970073
1501.2012680105
1339.8326970073
1503.0012695309
1339.8326970073
1504.8012710513
1339.8326970073
1506.6012725717
1339.8326970073
1508.4012740921
1339.8326970073
1510.2012756124
1339.8326970073
1512.0012771328
1339.8326970073
1513.8012786532
1339.8326970073
1515.6012801736
1339.8326970073
1517.401281694
1339.8326970073
1519.2012832144
1339.8326970073
1521.0012847348
1339.8326970073
1522.8012862552
1339.8326970073
1524.6012877756
1339.8326970073
1526.401289296
1339.8326970073
1528.2012908164
1339.8326970073
1530.0012923368
1339.8326970073
1531.8012938572
1339.8326970073
1533.6012953776
1339.8326970073
1535.401296898
1339.8326970073
1537.2012984184
1339.8326970073
1539.0012999388
1339.8326970073
1540.8013014592
1339.8326970073
1542.6013029796
1339.8326970073
1544.4013045
1339.8326970073
1546.2013060204
1339.8326970073
1548.0013075408
1339.8326970073
1549.8013090612
1339.8326970073
1551.6013105816
1339.8326970073
1553.401312102
1339.8326970073
1555.2013136224
1339.8326970073
1557.0013151427
1339.8326970073
1558.8013166631
1339.8326970073
1560.6013181835
1339.8326970073
1562.4013197039
1339.8326970073
1564.2013212243
1339.8326970073
1566.0013227447
1339.8326970073
1567.8013242651
1339.8326970073
1569.6013257855
1339.8326970073
1571.4013273059
1339.8326970073
1573.2013288263
1339.8326970073
1575.0013303467
1339.8326970073
1576.8013318671
1339.8326970073
1578.6013333875
1339.8326970073
1580.4013349079
1339.8326970073
1582.2013364283
1339.8326970073
1584.0013379487
1339.8326970073
1585.8013394691
1339.8326970073
1587.6013409895
1339.8326970073
1589.4013425099
1339.8326970073
1591.2013440303
1339.8326970073
1593.0013455507
1339.8326970073
1594.8013470711
1339.8326970073
1596.6013485915
1339.8326970073
1598.4013501119
1339.8326970073
1600.2013516323
1339.8326970073
1602.0013531527
1339.8326970073
1603.8013546731
1339.8326970073
1605.6013561934
1339.8326970073
1607.4013577138
1339.8326970073
1609.2013592342
1339.8326970073
1611.0013607546
1339.8326970073
1612.801362275
1339.8326970073
1614.6013637954
1339.8326970073
1616.4013653158
1339.8326970073
1618.2013668362
1339.8326970073
1620.0013683566
1339.8326970073
1621.801369877
1339.8326970073
1623.6013713974
1339.8326970073
1625.4013729178
1339.8326970073
1627.2013744382
1339.8326970073
1629.0013759586
1339.8326970073
1630.801377479
1339.8326970073
1632.6013789994
1339.8326970073
1634.4013805198
1339.8326970073
1636.2013820402
1339.8326970073
1638.0013835606
1339.8326970073
1639.801385081
1339.8326970073
1641.6013866014
1339.8326970073
1643.4013881218
1339.8326970073
1645.2013896422
1339.8326970073
1647.0013911626
1339.8326970073
1648.801392683
1339.8326970073
1650.6013942034
1339.8326970073
1652.4013957237
1339.8326970073
1654.2013972441
1339.8326970073
1656.0013987645
1339.8326970073
1657.8014002849
1339.8326970073
1659.6014018053
1339.8326970073
1661.4014033257
1339.8326970073
1663.2014048461
1339.8326970073
1665.0014063665
1339.8326970073
1666.8014078869
1339.8326970073
1668.6014094073
1339.8326970073
1670.4014109277
1339.8326970073
1672.2014124481
1339.8326970073
1674.0014139685
1339.8326970073
1675.8014154889
1339.8326970073
1677.6014170093
1339.8326970073
1679.4014185297
1339.8326970073
1681.2014200501
1339.8326970073
1683.0014215705
1339.8326970073
1684.8014230909
1339.8326970073
1686.6014246113
1339.8326970073
1688.4014261317
1339.8326970073
1690.2014276521
1339.8326970073
1692.0014291725
1339.8326970073
1693.8014306929
1339.8326970073
1695.6014322133
1339.8326970073
1697.4014337337
1339.8326970073
1699.2014352541
1339.8326970073
1701.0014367744
1339.8326970073
1702.8014382948
1339.8326970073
1704.6014398152
1339.8326970073
1706.4014413356
1339.8326970073
1708.201442856
1339.8326970073
1710.0014443764
1339.8326970073
1711.8014458968
1339.8326970073
1713.6014474172
1339.8326970073
1715.4014489376
1339.8326970073
1717.201450458
1339.8326970073
1719.0014519784
1339.8326970073
1720.8014534988
1339.8326970073
1722.6014550192
1339.8326970073
1724.4014565396
1339.8326970073
1726.20145806
1339.8326970073
1728.0014595804
1339.8326970073
1729.8014611008
1339.8326970073
1731.6014626212
1339.8326970073
1733.4014641416
1339.8326970073
1735.201465662
1339.8326970073
1737.0014671824
1339.8326970073
1738.8014687028
1339.8326970073
1740.6014702232
1339.8326970073
1742.4014717436
1339.8326970073
1744.201473264
1339.8326970073
1746.0014747844
1339.8326970073
1747.8014763048
1339.8326970073
1749.6014778251
1339.8326970073
1751.4014793455
1339.8326970073
1753.2014808659
1339.8326970073
1755.0014823863
1339.8326970073
1756.8014839067
1339.8326970073
1758.6014854271
1339.8326970073
1760.4014869475
1339.8326970073
1762.2014884679
1339.8326970073
1764.0014899883
1339.8326970073
1765.8014915087
1339.8326970073
1767.6014930291
1339.8326970073
1769.4014945495
1339.8326970073
1771.2014960699
1339.8326970073
1773.0014975903
1339.8326970073
1774.8014991107
1339.8326970073
1776.6015006311
1339.8326970073
1778.4015021515
1339.8326970073
1780.2015036719
1339.8326970073
1782.0015051923
1339.8326970073
1783.8015067127
1339.8326970073
1785.6015082331
1339.8326970073
1787.4015097535
1339.8326970073
1789.2015112739
1339.8326970073
1791.0015127943
1339.8326970073
1792.8015143147
1339.8326970073
1794.6015158351
1339.8326970073
1796.4015173554
1339.8326970073
1798.2015188758
1339.8326970073
