0
0
1.8000015203962
0
3.6000030407925
0
5.4000045611887
0
7.200006081585
0
9.0000076019812
0
10.800009122377
0
12.600010642774
0
14.40001216317
0
16.200013683566
0
18.000015203962
0
19.800016724359
0
21.600018244755
0
23.400019765151
0
25.200021285547
0
27.000022805944
0
28.80002432634
0
30.600025846736
0
32.400027367132
0
34.200028887529
0
36.000030407925
0
37.800031928321
0
39.600033448717
0
41.400034969114
0
43.20003648951
0
45.000038009906
0
46.800039530302
0
48.600041050699
0
50.400042571095
0
52.200044091491
0
54.000045611887
0
55.800047132283
0
57.60004865268
0
59.400050173076
0
61.200051693472
0
63.000053213868
0
64.800054734265
0
66.600056254661
0
68.400057775057
0
70.200059295453
0
72.00006081585
0
73.800062336246
0
75.600063856642
0
77.400065377038
0
79.200066897435
0
81.000068417831
0
82.800069938227
0
84.600071458623
0
86.40007297902
0
88.200074499416
0
90.000076019812
0
91.800077540208
0
93.600079060605
0
95.400080581001
0
97.200082101397
0
99.000083621793
0
100.80008514219
0
102.60008666259
0
104.40008818298
0
106.20008970338
0
108.00009122377
0
109.80009274417
0
111.60009426457
0
113.40009578496
0
115.20009730536
0
117.00009882576
0
118.80010034615
0
120.60010186655
0
122.40010338694
0
124.20010490734
0
126.00010642774
0
127.80010794813
0
129.60010946853
0
131.40011098893
0
133.20011250932
0
135.00011402972
0
136.80011555011
0
138.60011707051
0
140.40011859091
0
142.2001201113
0
144.0001216317
0
145.8001231521
0
147.60012467249
0
149.40012619289
0
151.20012771328
0
153.00012923368
0
154.80013075408
0
156.60013227447
0
158.40013379487
0
160.20013531527
0
162.00013683566
0
163.80013835606
0
165.60013987645
0
167.40014139685
0
169.20014291725
0
171.00014443764
0
172.80014595804
0
174.60014747844
0
176.40014899883
0
178.20015051923
0
180.00015203962
0
181.80015356002
0
183.60015508042
0
185.40015660081
0
187.20015812121
0
189.00015964161
0
190.800161162
0
192.6001626824
0
194.40016420279
0
196.20016572319
0
198.00016724359
0
199.80016876398
0
201.60017028438
0
203.40017180478
0
205.20017332517
0
207.00017484557
0
208.80017636596
0
210.60017788636
0
212.40017940676
0
214.20018092715
0
216.00018244755
0
217.80018396795
0
219.60018548834
0
221.40018700874
0
223.20018852913
0
225.00019004953
0
226.80019156993
0
228.60019309032
0
230.40019461072
0
232.20019613112
0
234.00019765151
0
235.80019917191
0
237.6002006923
0
239.4002022127
0
241.2002037331
0
243.00020525349
0
244.80020677389
0
246.60020829429
0
248.40020981468
0
250.20021133508
0
252.00021285547
0
253.80021437587
0
255.60021589627
0
257.40021741666
0
259.20021893706
0
261.00022045745
0
262.80022197785
0
264.60022349825
0
266.40022501864
0
268.20022653904
0
270.00022805944
0
271.80022957983
0
273.60023110023
0
275.40023262062
0
277.20023414102
0
279.00023566142
0
280.80023718181
0
282.60023870221
0
284.40024022261
0
286.200241743
0
288.0002432634
0
289.80024478379
0
291.60024630419
0
293.40024782459
0
295.20024934498
0
297.00025086538
0
298.80025238578
0
300.60025390617
0
302.40025542657
0
304.20025694696
0
306.00025846736
0
307.80025998776
0
309.60026150815
0
311.40026302855
0
313.20026454895
0
315.00026606934
0
316.80026758974
0
318.60026911013
0
320.40027063053
0
322.20027215093
0
324.00027367132
0
325.80027519172
0
327.60027671212
0
329.40027823251
0
331.20027975291
0
333.0002812733
0
334.8002827937
0
336.6002843141
0
338.40028583449
0
340.20028735489
0
342.00028887529
0
343.80029039568
0
345.60029191608
0
347.40029343647
0
349.20029495687
0
351.00029647727
0
352.80029799766
0
354.60029951806
0
356.40030103846
0
358.20030255885
0
360.00030407925
0
361.80030559964
0
363.60030712004
0
365.40030864044
0
367.20031016083
0
369.00031168123
0
370.80031320163
0
372.60031472202
0
374.40031624242
0
376.20031776281
0
378.00031928321
0
379.80032080361
0
381.600322324
0
383.4003238444
0
385.2003253648
0
387.00032688519
0
388.80032840559
0
390.60032992598
0
392.40033144638
0
394.20033296678
0
396.00033448717
0
397.80033600757
0
399.60033752797
0
401.40033904836
0
403.20034056876
0
405.00034208915
0
406.80034360955
0
408.60034512995
0
410.40034665034
0
412.20034817074
0
414.00034969114
0
415.80035121153
0
417.60035273193
0
419.40035425232
0
421.20035577272
0
423.00035729312
0
424.80035881351
0
426.60036033391
0
428.40036185431
0
430.2003633747
0
432.0003648951
0
433.80036641549
0
435.60036793589
0
437.40036945629
0
439.20037097668
0
441.00037249708
0
442.80037401748
0
444.60037553787
0
446.40037705827
0
448.20037857866
0
450.00038009906
0
451.80038161946
0
453.60038313985
0
455.40038466025
0
457.20038618065
0
459.00038770104
0
460.80038922144
0
462.60039074183
0
464.40039226223
0
466.20039378263
0
468.00039530302
0
469.80039682342
0
471.60039834382
0
473.40039986421
0
475.20040138461
0
477.000402905
0
478.8004044254
0
480.6004059458
0
482.40040746619
0
484.20040898659
0
486.00041050699
0
487.80041202738
0
489.60041354778
0
491.40041506817
0
493.20041658857
0
495.00041810897
0
496.80041962936
0
498.60042114976
0
500.40042267016
0
502.20042419055
0
504.00042571095
0
505.80042723134
0
507.60042875174
0
509.40043027214
0
511.20043179253
0
513.00043331293
0
514.80043483333
0
516.60043635372
0
518.40043787412
0
520.20043939451
0
522.00044091491
0
523.80044243531
0
525.6004439557
0
527.4004454761
0
529.20044699649
0
531.00044851689
0
532.80045003729
0
534.60045155768
0
536.40045307808
0
538.20045459848
0
540.00045611887
0
541.80045763927
0
543.60045915966
0
545.40046068006
0
547.20046220046
0
549.00046372085
0
550.80046524125
0
552.60046676165
0
554.40046828204
0
556.20046980244
0
558.00047132283
0
559.80047284323
0
561.60047436363
0
563.40047588402
0
565.20047740442
0
567.00047892482
0
568.80048044521
0
570.60048196561
0
572.400483486
0
574.2004850064
0
576.0004865268
0
577.80048804719
0
579.60048956759
0
581.40049108799
0
583.20049260838
0
585.00049412878
0
586.80049564917
0
588.60049716957
0
590.40049868997
0
592.20050021036
0
594.00050173076
0
595.80050325116
0
597.60050477155
0
599.40050629195
0
601.20050781234
0
603.00050933274
0
604.80051085314
0
606.60051237353
0
608.40051389393
0
610.20051541433
0
612.00051693472
0
613.80051845512
0
615.60051997551
0
617.40052149591
0
619.20052301631
0
621.0005245367
0
622.8005260571
0
624.6005275775
0
626.40052909789
0
628.20053061829
0
630.00053213868
0
631.80053365908
0
633.60053517948
0
635.40053669987
0
637.20053822027
0
639.00053974067
0
640.80054126106
0
642.60054278146
0
644.40054430185
0
646.20054582225
0
648.00054734265
0
649.80054886304
0
651.60055038344
0
653.40055190384
0
655.20055342423
0
657.00055494463
0
658.80055646502
0
660.60055798542
0
662.40055950582
0
664.20056102621
0
666.00056254661
0
667.80056406701
0
669.6005655874
0
671.4005671078
0
673.20056862819
0
675.00057014859
0
676.80057166899
0
678.60057318938
0
680.40057470978
0
682.20057623018
0
684.00057775057
0
685.80057927097
0
687.60058079136
0
689.40058231176
0
691.20058383216
0
693.00058535255
0
694.80058687295
0
696.60058839335
0
698.40058991374
0
700.20059143414
0
702.00059295453
0
703.80059447493
0
705.60059599533
0
707.40059751572
0
709.20059903612
0
711.00060055652
0
712.80060207691
0
714.60060359731
0
716.4006051177
0
718.2006066381
0
720.0006081585
0
721.80060967889
0
723.60061119929
0
725.40061271969
0
727.20061424008
0
729.00061576048
0
730.80061728087
0
732.60061880127
0
734.40062032167
0
736.20062184206
0
738.00062336246
0
739.80062488286
0
741.60062640325
0
743.40062792365
0
745.20062944404
0
747.00063096444
0
748.80063248484
0
750.60063400523
0
752.40063552563
0
754.20063704603
0
756.00063856642
0
757.80064008682
0
759.60064160721
0
761.40064312761
0
763.20064464801
0
765.0006461684
0
766.8006476888
0
768.6006492092
0
770.40065072959
0
772.20065224999
0
774.00065377038
0
775.80065529078
0
777.60065681118
0
779.40065833157
0
781.20065985197
0
783.00066137236
0
784.80066289276
0
786.60066441316
0
788.40066593355
0
790.20066745395
0
792.00066897435
0
793.80067049474
0
795.60067201514
0
797.40067353554
0
799.20067505593
0
801.00067657633
0
802.80067809672
0
804.60067961712
0
806.40068113752
0
808.20068265791
0
810.00068417831
0
811.8006856987
0
813.6006872191
0
815.4006887395
0
817.20069025989
0
819.00069178029
0
820.80069330069
0
822.60069482108
0
824.40069634148
0
826.20069786187
0
828.00069938227
0
829.80070090267
0
831.60070242306
0
833.40070394346
0
835.20070546386
0
837.00070698425
0
838.80070850465
0
840.60071002504
0
842.40071154544
0
844.20071306584
0
846.00071458623
0
847.80071610663
0
849.60071762703
0
851.40071914742
0
853.20072066782
0
855.00072218821
0
856.80072370861
0
858.60072522901
0
860.4007267494
0
862.2007282698
0
864.0007297902
0
865.80073131059
0
867.60073283099
0
869.40073435138
0
871.20073587178
0
873.00073739218
0
874.80073891257
0
876.60074043297
0
878.40074195337
0
880.20074347376
0
882.00074499416
0
883.80074651455
0
885.60074803495
0
887.40074955535
0
889.20075107574
0
891.00075259614
0
892.80075411654
0
894.60075563693
0
896.40075715733
0
898.20075867772
0
900.00076019812
0
901.80076171852
0
903.60076323891
0
905.40076475931
0
907.20076627971
0
909.0007678001
0
910.8007693205
0
912.60077084089
0
914.40077236129
0
916.20077388169
0
918.00077540208
0
919.80077692248
0
921.60077844288
0
923.40077996327
0
925.20078148367
0
927.00078300406
0
928.80078452446
0
930.60078604486
0
932.40078756525
0
934.20078908565
0
936.00079060605
0
937.80079212644
0
939.60079364684
0
941.40079516723
0
943.20079668763
0
945.00079820803
0
946.80079972842
0
948.60080124882
0
950.40080276922
0
952.20080428961
0
954.00080581001
0
955.8008073304
0
957.6008088508
0
959.4008103712
0
961.20081189159
0
963.00081341199
0
964.80081493239
0
966.60081645278
0
968.40081797318
0
970.20081949357
0
972.00082101397
0
973.80082253437
0
975.60082405476
0
977.40082557516
0
979.20082709556
0
981.00082861595
0
982.80083013635
0
984.60083165674
0
986.40083317714
0
988.20083469754
0
990.00083621793
0
991.80083773833
0
993.60083925873
0
995.40084077912
0
997.20084229952
0
999.00084381991
0
1000.8008453403
0
1002.6008468607
0
1004.4008483811
0
1006.2008499015
0
1008.0008514219
0
1009.8008529423
0
1011.6008544627
0
1013.4008559831
0
1015.2008575035
0
1017.0008590239
0
1018.8008605443
0
1020.6008620647
0
1022.4008635851
0
1024.2008651055
0
1026.0008666259
0
1027.8008681463
0
1029.6008696667
0
1031.400871187
0
1033.2008727074
0
1035.0008742278
0
1036.8008757482
0
1038.6008772686
0
1040.400878789
0
1042.2008803094
0
1044.0008818298
0
1045.8008833502
0
1047.6008848706
0
1049.400886391
0
1051.2008879114
0
1053.0008894318
0
1054.8008909522
0
1056.6008924726
0
1058.400893993
0
1060.2008955134
0
1062.0008970338
0
1063.8008985542
0
1065.6009000746
0
1067.400901595
0
1069.2009031154
0
1071.0009046358
0
1072.8009061562
0
1074.6009076766
0
1076.400909197
0
1078.2009107173
0
1080.0009122377
0
1081.8009137581
0
1083.6009152785
0
1085.4009167989
0
1087.2009183193
0
1089.0009198397
0
1090.8009213601
0
1092.6009228805
0
1094.4009244009
0
1096.2009259213
0
1098.0009274417
0
1099.8009289621
0
1101.6009304825
0
1103.4009320029
0
1105.2009335233
0
1107.0009350437
0
1108.8009365641
0
1110.6009380845
0
1112.4009396049
0
1114.2009411253
0
1116.0009426457
0
1117.8009441661
0
1119.6009456865
0
1121.4009472069
0
1123.2009487273
0
1125.0009502477
0
1126.800951768
0
1128.6009532884
0
1130.4009548088
0
1132.2009563292
0
1134.0009578496
0
1135.80095937
0
1137.6009608904
0
1139.4009624108
0
1141.2009639312
0
1143.0009654516
0
1144.800966972
0
1146.6009684924
0
1148.4009700128
0
1150.2009715332
0
1152.0009730536
0
1153.800974574
0
1155.6009760944
0
1157.4009776148
0
1159.2009791352
0
1161.0009806556
0
1162.800982176
0
1164.6009836964
0
1166.4009852168
0
1168.2009867372
0
1170.0009882576
0
1171.800989778
0
1173.6009912983
0
1175.4009928187
0
1177.2009943391
0
1179.0009958595
0
1180.8009973799
0
1182.6009989003
0
1184.4010004207
0
1186.2010019411
0
1188.0010034615
0
1189.8010049819
0
1191.6010065023
0
1193.4010080227
0
1195.2010095431
0
1197.0010110635
0
1198.8010125839
0
1200.6010141043
0
1202.4010156247
0
1204.2010171451
0
1206.0010186655
0
1207.8010201859
0
1209.6010217063
0
1211.4010232267
0
1213.2010247471
0
1215.0010262675
0
1216.8010277879
0
1218.6010293083
0
1220.4010308287
0
1222.201032349
0
1224.0010338694
0
1225.8010353898
0
1227.6010369102
0
1229.4010384306
0
1231.201039951
0
1233.0010414714
0
1234.8010429918
0
1236.6010445122
0
1238.4010460326
0
1240.201047553
0
1242.0010490734
0
1243.8010505938
0
1245.6010521142
0
1247.4010536346
0
1249.201055155
0
1251.0010566754
0
1252.8010581958
0
1254.6010597162
0
1256.4010612366
0
1258.201062757
0
1260.0010642774
0
1261.8010657978
0
1263.6010673182
0
1265.4010688386
0
1267.201070359
0
1269.0010718794
0
1270.8010733997
0
1272.6010749201
0
1274.4010764405
0
1276.2010779609
0
1278.0010794813
0
1279.8010810017
0
1281.6010825221
0
1283.4010840425
0
1285.2010855629
0
1287.0010870833
0
1288.8010886037
0
1290.6010901241
0
1292.4010916445
0
1294.2010931649
0
1296.0010946853
0
1297.8010962057
0
1299.6010977261
0
1301.4010992465
0
1303.2011007669
0
1305.0011022873
0
1306.8011038077
0
1308.6011053281
0
1310.4011068485
0
1312.2011083689
0
1314.0011098893
0
1315.8011114097
0
1317.60111293
0
1319.4011144504
0
1321.2011159708
0
1323.0011174912
0
1324.8011190116
0
1326.601120532
0
1328.4011220524
0
1330.2011235728
0
1332.0011250932
0
1333.8011266136
0
1335.601128134
0
1337.4011296544
0
1339.2011311748
0
1341.0011326952
0
1342.8011342156
0
1344.601135736
0
1346.4011372564
0
1348.2011387768
0
1350.0011402972
0
1351.8011418176
0
1353.601143338
0
1355.4011448584
0
1357.2011463788
0
1359.0011478992
0
1360.8011494196
0
1362.60115094
0
1364.4011524604
0
1366.2011539807
0
1368.0011555011
0
1369.8011570215
0
1371.6011585419
0
1373.4011600623
0
1375.2011615827
0
1377.0011631031
0
1378.8011646235
0
1380.6011661439
0
1382.4011676643
0
1384.2011691847
0
1386.0011707051
0
1387.8011722255
0
1389.6011737459
0
1391.4011752663
0
1393.2011767867
0
1395.0011783071
0
1396.8011798275
0
1398.6011813479
0
1400.4011828683
0
1402.2011843887
0
1404.0011859091
0
1405.8011874295
0
1407.6011889499
0
1409.4011904703
0
1411.2011919907
0
1413.001193511
0
1414.8011950314
0
1416.6011965518
0
1418.4011980722
0
1420.2011995926
0
1422.001201113
0
1423.8012026334
0
1425.6012041538
0
1427.4012056742
0
1429.2012071946
0
1431.001208715
0
1432.8012102354
0
1434.6012117558
0
1436.4012132762
0
1438.2012147966
0
1440.001216317
0
1441.8012178374
0
1443.6012193578
0
1445.4012208782
0
1447.2012223986
0
1449.001223919
0
1450.8012254394
0
1452.6012269598
0
1454.4012284802
0
1456.2012300006
0
1458.001231521
0
1459.8012330414
0
1461.6012345617
0
1463.4012360821
0
1465.2012376025
0
1467.0012391229
0
1468.8012406433
0
1470.6012421637
0
1472.4012436841
0
1474.2012452045
0
1476.0012467249
0
1477.8012482453
0
1479.6012497657
0
1481.4012512861
0
1483.2012528065
0
1485.0012543269
0
1486.8012558473
0
1488.6012573677
0
1490.4012588881
0
1492.2012604085
0
1494.0012619289
0
1495.8012634493
0
1497.6012649697
0
1499.4012664901
0
1501.2012680105
0
1503.0012695309
0
1504.8012710513
0
1506.6012725717
0
1508.4012740921
0
1510.2012756124
0
1512.0012771328
0
1513.8012786532
0
1515.6012801736
0
1517.401281694
0
1519.2012832144
0
1521.0012847348
0
1522.8012862552
0
1524.6012877756
0
1526.401289296
0
1528.2012908164
0
1530.0012923368
0
1531.8012938572
0
1533.6012953776
0
1535.401296898
0
1537.2012984184
0
1539.0012999388
0
1540.8013014592
0
1542.6013029796
0
1544.4013045
0
1546.2013060204
0
1548.0013075408
0
1549.8013090612
0
1551.6013105816
0
1553.401312102
0
1555.2013136224
0
1557.0013151427
0
1558.8013166631
0
1560.6013181835
0
1562.4013197039
0
1564.2013212243
0
1566.0013227447
0
1567.8013242651
0
1569.6013257855
0
1571.4013273059
0
1573.2013288263
0
1575.0013303467
0
1576.8013318671
0
1578.6013333875
0
1580.4013349079
0
1582.2013364283
0
1584.0013379487
0
1585.8013394691
0
1587.6013409895
0
1589.4013425099
0
1591.2013440303
0
1593.0013455507
0
1594.8013470711
0
1596.6013485915
0
1598.4013501119
0
1600.2013516323
0
1602.0013531527
0
1603.8013546731
0
1605.6013561934
0
1607.4013577138
0
1609.2013592342
0
1611.0013607546
0
1612.801362275
0
1614.6013637954
0
1616.4013653158
0
1618.2013668362
0
1620.0013683566
0
1621.801369877
0
1623.6013713974
0
1625.4013729178
0
1627.2013744382
0
1629.0013759586
0
1630.801377479
0
1632.6013789994
0
1634.4013805198
0
1636.2013820402
0
1638.0013835606
0
1639.801385081
0
1641.6013866014
0
1643.4013881218
0
1645.2013896422
0
1647.0013911626
0
1648.801392683
0
1650.6013942034
0
1652.4013957237
0
1654.2013972441
0
1656.0013987645
0
1657.8014002849
0
1659.6014018053
0
1661.4014033257
0
1663.2014048461
0
1665.0014063665
0
1666.8014078869
0
1668.6014094073
0
1670.4014109277
0
1672.2014124481
0
1674.0014139685
0
1675.8014154889
0
1677.6014170093
0
1679.4014185297
0
1681.2014200501
0
1683.0014215705
0
1684.8014230909
0
1686.6014246113
0
1688.4014261317
0
1690.2014276521
0
1692.0014291725
0
1693.8014306929
0
1695.6014322133
0
1697.4014337337
0
1699.2014352541
0
1701.0014367744
0
1702.8014382948
0
1704.6014398152
0
1706.4014413356
0
1708.201442856
0
1710.0014443764
0
1711.8014458968
0
1713.6014474172
0
1715.4014489376
0
1717.201450458
0
1719.0014519784
0
1720.8014534988
0
1722.6014550192
0
1724.4014565396
0
1726.20145806
0
1728.0014595804
0
1729.8014611008
0
1731.6014626212
0
1733.4014641416
0
1735.201465662
0
1737.0014671824
0
1738.8014687028
0
1740.6014702232
0
1742.4014717436
0
1744.201473264
0
1746.0014747844
0
1747.8014763048
0
1749.6014778251
0
1751.4014793455
0
1753.2014808659
0
1755.0014823863
0
1756.8014839067
0
1758.6014854271
0
1760.4014869475
0
1762.2014884679
0
1764.0014899883
0
1765.8014915087
0
1767.6014930291
0
1769.4014945495
0
1771.2014960699
0
1773.0014975903
0
1774.8014991107
0
1776.6015006311
0
1778.4015021515
0
1780.2015036719
0
1782.0015051923
0
1783.8015067127
0
1785.6015082331
0
1787.4015097535
0
1789.2015112739
0
1791.0015127943
0
1792.8015143147
0
1794.6015158351
0
1796.4015173554
0
1798.2015188758
0
